T1,T2,T3,T4,T5,T6,T7,T8,T9,T10,T11,T12,T13,T14,T15,doc_name
0.38929096,0.098988906,0.046377406,0.05083187,0.038111676,0.03425373,0.031977955,0.029672304,0.05425522,0.032961383,0.044645835,0.03931854,0.03741936,0.0277983,0.044096574,doc_00001
0.36070013,0.046306584,0.027989354,0.05036838,0.031381056,0.033909284,0.030750934,0.031392638,0.060330275,0.043950155,0.09367482,0.048450913,0.060119163,0.0359612,0.044715155,doc_00002
0.03624596,0.032025166,0.029355563,0.03833292,0.18016835,0.031841666,0.028842865,0.032778367,0.03401822,0.029895587,0.029123459,0.023234887,0.19886047,0.23067044,0.044606097,doc_00003
0.24724084,0.03411979,0.022529079,0.035533123,0.01860168,0.02493225,0.02437793,0.019080773,0.35334393,0.023870239,0.047726978,0.036856662,0.048216183,0.026787106,0.03678348,doc_00004
0.07451962,0.06126975,0.049223743,0.07811038,0.050321322,0.061745312,0.055912305,0.05153463,0.05630507,0.06557124,0.17024295,0.052497163,0.050088923,0.059962355,0.062695235,doc_00005
0.53197265,0.028266598,0.041724756,0.07460347,0.025159726,0.02178785,0.02169399,0.036693163,0.033544697,0.02664788,0.033454128,0.026590383,0.041852333,0.022144588,0.033863805,doc_00006
0.50909954,0.031541266,0.029932007,0.051772043,0.02472154,0.028698588,0.028450683,0.04724195,0.030649252,0.04396847,0.04418467,0.027634624,0.034315586,0.026921006,0.0408688,doc_00007
0.16641133,0.17362252,0.029218901,0.037690084,0.02375079,0.025260996,0.02349879,0.024423216,0.030482572,0.0245384,0.2354394,0.10408818,0.026728706,0.031857636,0.04298852,doc_00008
0.120183356,0.26350674,0.040641136,0.044372022,0.042729136,0.040944442,0.038919892,0.04171285,0.052534297,0.041761953,0.05240101,0.07080255,0.038467277,0.056136332,0.054887008,doc_00009
0.17516007,0.027387753,0.024494393,0.035546888,0.028673682,0.035841826,0.08409709,0.046021774,0.03053182,0.026071882,0.11123356,0.20990579,0.0939977,0.024029354,0.047006443,doc_00010
0.092253126,0.0446986,0.052949253,0.04254301,0.14881808,0.08830248,0.07221849,0.047925998,0.07464157,0.048913997,0.047444146,0.03911156,0.101926304,0.040612146,0.057641286,doc_00011
0.29885027,0.044410545,0.0469277,0.038733236,0.04856141,0.037728105,0.036362298,0.027748875,0.16706067,0.038713597,0.04508981,0.03696085,0.0401723,0.04381253,0.048867837,doc_00012
0.09337142,0.03149506,0.031737812,0.035202842,0.16082752,0.10986698,0.08104509,0.10961509,0.03524583,0.03138386,0.030756583,0.030628264,0.13010255,0.036689505,0.052031618,doc_00013
0.25557038,0.020059973,0.036918957,0.037157245,0.02972119,0.023242755,0.023822192,0.034862597,0.026152827,0.07879507,0.31767225,0.017920261,0.032780252,0.026579682,0.038744327,doc_00014
0.10533011,0.061736044,0.06896171,0.11807632,0.059638306,0.058688473,0.048566125,0.06530994,0.061517954,0.07950764,0.050645586,0.04115552,0.04738117,0.06928006,0.06420509,doc_00015
0.3793885,0.040276308,0.039698366,0.06446838,0.033355277,0.05577212,0.04624543,0.04968412,0.038999602,0.047360234,0.046646036,0.03765799,0.034002624,0.03892022,0.0475248,doc_00016
0.044137944,0.046704754,0.038831193,0.03259631,0.07235249,0.089172184,0.077734046,0.03342991,0.037684377,0.046783563,0.040467683,0.038025144,0.26240826,0.08513961,0.054532535,doc_00017
0.06751823,0.089935206,0.07025583,0.09363403,0.0439751,0.048042834,0.044749856,0.062746055,0.0633539,0.06473207,0.085710086,0.095157556,0.061140206,0.04616512,0.06288393,doc_00018
0.29304028,0.3428217,0.022894066,0.031619206,0.01923317,0.02306904,0.02263019,0.021223946,0.047687616,0.028563146,0.022563778,0.029902684,0.03942842,0.021980908,0.03334195,doc_00019
0.40934652,0.035771932,0.051938225,0.044161163,0.046279397,0.03480557,0.031584226,0.032245617,0.048046872,0.044008832,0.061379675,0.040612075,0.038839824,0.035312705,0.045667384,doc_00020
0.1949885,0.055645134,0.0494493,0.041363098,0.15601596,0.034320246,0.032889877,0.14695728,0.03419375,0.034233443,0.038323738,0.031960938,0.045068156,0.052564397,0.052026127,doc_00021
0.035778373,0.037769414,0.04233906,0.038579494,0.032955587,0.23094173,0.14567201,0.062554106,0.036255453,0.15940915,0.03376555,0.030832315,0.03233857,0.032105114,0.048704024,doc_00022
0.14183055,0.03501248,0.034439847,0.04259663,0.034816623,0.10999057,0.105037674,0.029504996,0.034295816,0.23844905,0.039383277,0.02998024,0.034214206,0.039806087,0.050641943,doc_00023
0.16126885,0.13522962,0.03678561,0.03801341,0.049170185,0.18261977,0.15132554,0.030997567,0.028402356,0.026204415,0.027427623,0.027099732,0.030621605,0.028181907,0.0466519,doc_00024
0.06452899,0.054068085,0.057496794,0.05456057,0.083901875,0.07334988,0.06890728,0.11042456,0.06266358,0.06760799,0.060232352,0.064334795,0.05848818,0.055229526,0.0642056,doc_00025
0.08384983,0.043342993,0.05983861,0.09329539,0.045732476,0.043503765,0.04138239,0.06275582,0.07857567,0.044758283,0.046949606,0.044298876,0.09929609,0.1512051,0.061215043,doc_00026
0.07379012,0.092860885,0.048578583,0.04221008,0.047083847,0.12713352,0.095728755,0.04992145,0.044912223,0.06872934,0.050418038,0.08889042,0.06322431,0.045468953,0.06104949,doc_00027
0.04613602,0.041381314,0.026494512,0.038125098,0.021530151,0.017695269,0.016717626,0.017989928,0.03723217,0.023421975,0.034120496,0.33692056,0.027535979,0.2786574,0.03604146,doc_00028
0.27322358,0.03746061,0.035476822,0.042604323,0.030410247,0.046983108,0.04254343,0.043807372,0.19692741,0.049567055,0.041384637,0.04307446,0.033974934,0.03334263,0.04921932,doc_00029
0.21505769,0.029097673,0.028702358,0.21493897,0.028604252,0.0330126,0.032627784,0.03448026,0.032870706,0.038743157,0.14453402,0.03332213,0.04577921,0.04073854,0.04749063,doc_00030
0.21325424,0.019637825,0.022358613,0.43971983,0.02551569,0.019628692,0.020261679,0.023755781,0.029683664,0.0393448,0.054231867,0.019301834,0.018991262,0.021025006,0.033289254,doc_00031
0.31902373,0.030493358,0.034797005,0.22799528,0.035860397,0.031924073,0.030185949,0.032489344,0.035196293,0.036312256,0.040641274,0.026382662,0.037010167,0.036856487,0.044831682,doc_00032
0.40559372,0.05247683,0.077458724,0.034414332,0.09290906,0.03484829,0.033662055,0.03615982,0.03284079,0.028604025,0.03180038,0.03513271,0.021599496,0.04111439,0.041385412,doc_00033
0.05806481,0.071116164,0.12017785,0.049271096,0.07549322,0.07610423,0.07119441,0.062036436,0.05402135,0.063855544,0.06100327,0.05093896,0.04673667,0.0765246,0.063461296,doc_00034
0.5250837,0.03127459,0.045097087,0.047100093,0.023326779,0.020174459,0.01937503,0.032709472,0.0269668,0.05355808,0.028120302,0.027539792,0.040908188,0.042246737,0.03651888,doc_00035
0.08767688,0.0787932,0.06820617,0.056643665,0.058285654,0.058829952,0.058110278,0.06685779,0.060181037,0.0654458,0.05977763,0.056440253,0.05881559,0.09933558,0.06660054,doc_00036
0.08329207,0.0795136,0.06404345,0.06496458,0.044663876,0.06368149,0.06191778,0.057338648,0.07989222,0.045938283,0.07491264,0.046453632,0.10724778,0.0641197,0.06202029,doc_00037
0.2712164,0.27752522,0.03238049,0.038368113,0.032684974,0.038072925,0.031520087,0.029744942,0.029922964,0.040047023,0.03252525,0.03606504,0.029010355,0.036600176,0.04431606,doc_00038
0.22775751,0.04063396,0.032872416,0.031132953,0.3211175,0.02954156,0.02631166,0.03061591,0.02793097,0.024508383,0.030787138,0.03986428,0.047209032,0.04643731,0.04327946,doc_00039
0.5497145,0.017817417,0.055129882,0.07616863,0.024538433,0.012185149,0.013678949,0.023036255,0.025584185,0.076050915,0.047659364,0.012435031,0.017917322,0.02055106,0.027532877,doc_00040
0.04945299,0.034052704,0.030584956,0.033019863,0.05356693,0.05608498,0.04970368,0.04170182,0.039302144,0.044801075,0.038248118,0.027813945,0.42189854,0.03734642,0.042421844,doc_00041
0.038673963,0.08633594,0.030993396,0.03447354,0.033227637,0.120398514,0.10272827,0.03602617,0.08257318,0.035678536,0.039112624,0.19027652,0.0796372,0.036890097,0.052974455,doc_00042
0.079325356,0.04052243,0.07696612,0.09049022,0.0709199,0.037785634,0.039215744,0.060069837,0.044122238,0.13848294,0.1065493,0.03926098,0.045163337,0.07177205,0.059353862,doc_00043
0.34095797,0.026079278,0.04410198,0.052351013,0.034188922,0.03616951,0.037641935,0.036775865,0.04392593,0.107264675,0.053170215,0.037328497,0.07269849,0.031338044,0.046007648,doc_00044
0.07361058,0.10129017,0.051425345,0.046915475,0.07055031,0.08114825,0.06875654,0.05394815,0.043465644,0.044486463,0.0634704,0.12341403,0.07312092,0.043204427,0.061193183,doc_00045
0.5264959,0.021345956,0.06375674,0.057197396,0.03226177,0.016193788,0.016683562,0.037163336,0.018157898,0.065334685,0.031407915,0.015063055,0.03258883,0.03247156,0.033877634,doc_00046
0.20896396,0.033975646,0.13720028,0.18324804,0.038664546,0.034838308,0.034088016,0.040033206,0.04141202,0.042582482,0.041218292,0.035641722,0.035151575,0.039444417,0.053537495,doc_00047
0.105115406,0.03702373,0.033447012,0.05054823,0.1776576,0.098300174,0.03721771,0.03790297,0.10281133,0.037039652,0.037155814,0.032217935,0.12607421,0.035100482,0.052387685,doc_00048
0.024275448,0.028657015,0.023540357,0.020188859,0.19664231,0.020436317,0.01974547,0.020821461,0.024216224,0.020369258,0.02940816,0.24153548,0.022391478,0.27171716,0.036054958,doc_00049
0.030410243,0.27557138,0.025707144,0.028260205,0.03164636,0.030795159,0.027846875,0.023922661,0.024014931,0.02971189,0.03546858,0.024854902,0.31362653,0.056601882,0.041561324,doc_00050
0.030749476,0.02032583,0.022282517,0.03214292,0.022936631,0.025287317,0.024599724,0.020245742,0.025273545,0.019366076,0.04083793,0.64420104,0.024602436,0.017969506,0.029179389,doc_00051
0.2844605,0.040080648,0.046489608,0.051886622,0.04404683,0.040797,0.039027616,0.03470631,0.1769966,0.03683226,0.037928298,0.04116568,0.039535884,0.037236504,0.04880958,doc_00052
0.052821085,0.053826887,0.027029436,0.039098643,0.02278888,0.02480092,0.024544477,0.023212759,0.44019815,0.028773146,0.042143352,0.101603426,0.043307573,0.036528025,0.039323155,doc_00053
0.03922074,0.04237006,0.037128966,0.03397367,0.038343646,0.032020304,0.028449502,0.026685588,0.03736961,0.028954463,0.028539054,0.031151528,0.3342731,0.21720241,0.04431733,doc_00054
0.023976753,0.02335267,0.017720807,0.022937492,0.15462004,0.14423612,0.1184178,0.14136577,0.022757448,0.037455,0.0320543,0.01631599,0.18602674,0.021499597,0.037263446,doc_00055
0.50788504,0.034235794,0.030178465,0.032917008,0.031475388,0.03604363,0.03224471,0.035881244,0.038495004,0.044970356,0.03266068,0.030799488,0.034170963,0.036490362,0.0415519,doc_00056
0.073935315,0.058984157,0.062185623,0.10672573,0.0600618,0.04940989,0.04553038,0.04474904,0.06755691,0.057542495,0.059169978,0.10853121,0.052347336,0.08975825,0.06351187,doc_00057
0.24639633,0.3353587,0.02541842,0.027250601,0.026940675,0.032777816,0.029753704,0.026660517,0.027750691,0.030594965,0.026510973,0.054005265,0.03993509,0.03351083,0.037135486,doc_00058
0.255554,0.07116601,0.024377426,0.03557895,0.020842401,0.024309022,0.023894498,0.023543527,0.32524833,0.027009675,0.028614586,0.03562141,0.040600974,0.026515955,0.03712325,doc_00059
0.100367226,0.066467226,0.040878356,0.13928753,0.09169098,0.056286346,0.045598295,0.04035898,0.09742346,0.08205378,0.042840518,0.0519849,0.044011924,0.043135956,0.05761453,doc_00060
0.17014988,0.01881277,0.01999112,0.028940855,0.016556883,0.018712351,0.019088367,0.020777274,0.13478827,0.26882163,0.18965128,0.016359486,0.029356614,0.015455765,0.032537453,doc_00061
0.03665191,0.044384874,0.028623756,0.042921796,0.039571166,0.03748635,0.035516426,0.033762276,0.031835794,0.031375412,0.03742717,0.04001605,0.48129755,0.036472112,0.042657476,doc_00062
0.5152696,0.024418134,0.035052918,0.083273865,0.034315586,0.021403808,0.022369185,0.03320817,0.039636537,0.04031432,0.04781713,0.021539703,0.021222087,0.023133453,0.037025537,doc_00063
0.28850853,0.035490654,0.02678453,0.03833286,0.032492615,0.029929107,0.02966283,0.031647626,0.2630015,0.028817482,0.041690763,0.028559592,0.04997813,0.03250525,0.04259848,doc_00064
0.03726211,0.029819956,0.040163074,0.031600356,0.12996657,0.025933161,0.024976794,0.026966862,0.03058677,0.027696537,0.027803387,0.2371989,0.030894252,0.25594103,0.043190237,doc_00065
0.4551651,0.028296493,0.02997283,0.037736394,0.039202474,0.02221441,0.025082018,0.026993433,0.03614804,0.08871859,0.05640231,0.022732256,0.047871664,0.043914866,0.03954912,doc_00066
0.15990444,0.021220097,0.02506781,0.029193498,0.20809661,0.17005026,0.13618672,0.035114713,0.036423486,0.025116382,0.021790234,0.022531217,0.04061761,0.02817734,0.04050959,doc_00067
0.04022614,0.030771486,0.03149931,0.03569329,0.031260036,0.036976177,0.03239212,0.02692977,0.028580038,0.024408098,0.031221343,0.5522335,0.03655964,0.026427576,0.03482141,doc_00068
0.15694873,0.02739072,0.019814074,0.020011777,0.18714158,0.1835318,0.025138572,0.027349224,0.018653892,0.015412719,0.0170679,0.019144056,0.2258554,0.023260022,0.033279527,doc_00069
0.18268004,0.34981766,0.03351445,0.042329513,0.038622774,0.037949774,0.035070166,0.03616749,0.030272368,0.030146692,0.033285335,0.04332222,0.029096844,0.033497397,0.04422725,doc_00070
0.47694132,0.045451224,0.038199946,0.043390695,0.03337869,0.027625471,0.029701037,0.03159763,0.034026887,0.047202695,0.026746176,0.05117218,0.03428636,0.038627144,0.041652575,doc_00071
0.58787113,0.02636782,0.04050511,0.052060306,0.027871544,0.018508065,0.0188605,0.029823646,0.02341313,0.056838986,0.026502267,0.01621226,0.021028062,0.022069119,0.032068063,doc_00072
0.07218596,0.14019531,0.04280408,0.03482906,0.19697379,0.12741412,0.10079707,0.039117593,0.030163134,0.032326102,0.030074377,0.030953052,0.041613325,0.031195993,0.04935709,doc_00073
0.2548735,0.26217532,0.040039897,0.04108255,0.041629627,0.031489987,0.02981341,0.0331638,0.037064467,0.042228468,0.038068805,0.03834349,0.030131683,0.033709772,0.046185188,doc_00074
0.49196666,0.019567963,0.0282983,0.0539534,0.02147222,0.018558169,0.021162577,0.034074657,0.040635746,0.0721481,0.08202461,0.020370254,0.024473954,0.035390552,0.035902806,doc_00075
0.52409905,0.016412722,0.03652245,0.06534312,0.020643389,0.013206377,0.013561813,0.03624064,0.017915333,0.092291236,0.031058067,0.012239739,0.031110745,0.056150988,0.033204276,doc_00076
0.06309117,0.05632931,0.07341134,0.07214091,0.05924271,0.051900942,0.05343852,0.073704004,0.055999827,0.09158475,0.059262775,0.054996263,0.068431854,0.10129952,0.065166116,doc_00077
0.11105491,0.03775942,0.11295309,0.037916563,0.04438908,0.041841526,0.040717565,0.043548148,0.042643294,0.042365152,0.03354694,0.118614495,0.13216893,0.10330604,0.057174895,doc_00078
0.14754805,0.15936099,0.13501379,0.038869523,0.03560855,0.03139874,0.03176844,0.047599807,0.030943573,0.04093758,0.03432017,0.047765482,0.036524218,0.13085838,0.051482715,doc_00079
0.17190276,0.017064763,0.024695717,0.035126712,0.016742896,0.01842319,0.018416537,0.022251977,0.024650654,0.2999152,0.25833696,0.016681358,0.025532097,0.018179243,0.032079935,doc_00080
0.24734657,0.08977148,0.025353715,0.02684811,0.03163312,0.034344975,0.031085668,0.026476711,0.035818174,0.03036463,0.027999276,0.029094184,0.29257235,0.029944154,0.04134685,doc_00081
0.060370445,0.037187174,0.11317231,0.08474916,0.04729382,0.03698281,0.037429083,0.06394546,0.045261268,0.138707,0.047643475,0.0587016,0.04568687,0.12311156,0.05975792,doc_00082
0.253767,0.015959252,0.021635475,0.032692146,0.020239212,0.019098291,0.0187096,0.024646174,0.026831033,0.42127767,0.046945717,0.018248195,0.02953308,0.018716238,0.031700987,doc_00083
0.046710126,0.034535512,0.034689724,0.039119933,0.031469394,0.037689906,0.03692133,0.03607957,0.03431869,0.043922678,0.0322772,0.23951373,0.08331665,0.21986304,0.04957248,doc_00084
0.267111,0.08866731,0.03339827,0.025429964,0.30548942,0.022613063,0.020196266,0.024244444,0.025021745,0.026090974,0.018253073,0.027404299,0.034202594,0.046385545,0.03549202,doc_00085
0.19394235,0.055882785,0.04147605,0.18591851,0.032532748,0.05208002,0.115797885,0.033276264,0.045070015,0.039538234,0.048205905,0.033919387,0.03693747,0.034039557,0.051382814,doc_00086
0.50420076,0.026385527,0.04262305,0.04610854,0.03419431,0.02074004,0.02038189,0.03554785,0.024597201,0.052627157,0.03877841,0.025885843,0.047565456,0.04229913,0.038064837,doc_00087
0.038363185,0.24968024,0.03921829,0.03225053,0.11403544,0.03622298,0.035294276,0.03582437,0.03528212,0.034138568,0.036692854,0.03829687,0.036727138,0.18792051,0.0500526,doc_00088
0.03757774,0.22970732,0.03649966,0.031129606,0.12984705,0.03518227,0.03406361,0.035535436,0.034109544,0.033226408,0.034726392,0.03606637,0.03472959,0.20873868,0.048860267,doc_00089
0.4459202,0.028193507,0.045769718,0.046699967,0.034630567,0.042771917,0.039783113,0.04887411,0.036074713,0.055320192,0.04106893,0.029919598,0.02494087,0.034481175,0.045551408,doc_00090
0.08093874,0.32395387,0.03092407,0.033874404,0.032023184,0.097673826,0.0972211,0.042361833,0.03440857,0.035011787,0.03577966,0.045606498,0.030624775,0.03098455,0.04861313,doc_00091
0.24506629,0.3822887,0.040204253,0.04124309,0.028232953,0.024722872,0.02379439,0.030966306,0.02624533,0.02235541,0.022637233,0.020517783,0.029206056,0.026317049,0.036202304,doc_00092
0.4384233,0.057886127,0.04479125,0.055591773,0.029070044,0.041642204,0.044977013,0.04422864,0.033104625,0.038459025,0.0425928,0.0265916,0.028741024,0.030619424,0.043281183,doc_00093
0.13375907,0.019915402,0.023789555,0.16409384,0.02133731,0.02301742,0.02191387,0.15610224,0.025647324,0.27017948,0.03845447,0.016938329,0.02867172,0.018709961,0.03747,doc_00094
0.4605109,0.037971135,0.03974162,0.046047688,0.030201206,0.04412327,0.03887086,0.06616751,0.0422129,0.04539469,0.0318231,0.021036537,0.023665389,0.028895037,0.043338165,doc_00095
0.1928566,0.039645553,0.10028927,0.11605073,0.04560857,0.054742917,0.046895895,0.11798566,0.037530433,0.048480842,0.038631935,0.031137347,0.03579366,0.04029541,0.054055233,doc_00096
0.4061485,0.052988853,0.038071305,0.04986685,0.027082756,0.0343658,0.034856625,0.024471087,0.068749815,0.033082582,0.04077869,0.05231114,0.07079808,0.024490973,0.04193691,doc_00097
0.5168405,0.02731681,0.027646668,0.047670837,0.023924202,0.031251762,0.027631724,0.031272855,0.028557815,0.055143688,0.048882924,0.031869233,0.03435132,0.028891988,0.038747665,doc_00098
0.60962576,0.023343008,0.04954168,0.07888786,0.017274197,0.015889967,0.015695548,0.02061077,0.032485615,0.021316515,0.023163086,0.020730278,0.021064926,0.021826347,0.028544536,doc_00099
0.47713566,0.023444213,0.025806453,0.053687923,0.025096467,0.019465482,0.021659438,0.036007073,0.031973943,0.12619263,0.05477676,0.015022641,0.024096595,0.030986533,0.034648217,doc_00100
0.557718,0.03916409,0.042892896,0.048464805,0.03297804,0.025241876,0.023723925,0.03184901,0.024686,0.032636866,0.036419224,0.024933593,0.021234747,0.023893142,0.03416381,doc_00101
0.05440818,0.20178543,0.13626842,0.038509093,0.17144825,0.046226278,0.041819748,0.037112694,0.03922042,0.033693377,0.038834196,0.036641866,0.035033546,0.03768603,0.051312484,doc_00102
0.06478071,0.051110342,0.18042336,0.059708223,0.054292344,0.05071189,0.049919557,0.048557095,0.06724048,0.07227259,0.06678648,0.05796989,0.06523706,0.048904903,0.062085044,doc_00103
0.20994578,0.022850478,0.04143746,0.23515983,0.02231088,0.027958667,0.027079822,0.03303489,0.14009592,0.062349673,0.05819225,0.023477338,0.03230306,0.021630958,0.042172965,doc_00104
0.18601874,0.19906455,0.036492962,0.03835003,0.18804118,0.03196332,0.031360593,0.032197915,0.03515553,0.03051559,0.03268988,0.03778913,0.028882362,0.042580057,0.048898146,doc_00105
0.40735656,0.029145453,0.018649198,0.038576476,0.019352471,0.035008147,0.03778147,0.08272942,0.039589904,0.13903427,0.059578676,0.013415161,0.018310871,0.025737036,0.03573489,doc_00106
0.461158,0.027662626,0.037314106,0.058057155,0.03016175,0.02966247,0.03204128,0.049198136,0.04972488,0.06973336,0.05216479,0.018614566,0.022489179,0.022897922,0.039119843,doc_00107
0.11820922,0.0458805,0.08667924,0.12822911,0.0575606,0.0514213,0.050857924,0.08931327,0.05263379,0.065044254,0.058819383,0.045809727,0.04349034,0.045006983,0.061044313,doc_00108
0.073160246,0.023298537,0.04442281,0.040423546,0.022154503,0.023472136,0.023680737,0.025921294,0.030389812,0.5376134,0.041852977,0.020672066,0.033884097,0.02366854,0.035385307,doc_00109
0.49193618,0.03318126,0.026621565,0.046205778,0.026838768,0.023279436,0.023648454,0.030667122,0.05186612,0.04519532,0.06298029,0.026187098,0.03587863,0.03555386,0.039960187,doc_00110
0.19433011,0.14472154,0.036187183,0.032732863,0.24428345,0.036823235,0.03505939,0.035534594,0.027402671,0.032136638,0.028462071,0.028533287,0.044967342,0.033165433,0.04566024,doc_00111
0.42161494,0.037748143,0.06527342,0.05205662,0.02585059,0.022759369,0.023343764,0.035562072,0.025964502,0.07382077,0.029028999,0.026458517,0.03945271,0.07768546,0.043380115,doc_00112
0.26732165,0.04209249,0.05499538,0.10427145,0.04945573,0.037607297,0.03638861,0.099266894,0.038405944,0.04750824,0.042344373,0.040369697,0.04189799,0.043810528,0.054263823,doc_00113
0.4472597,0.019683331,0.047130127,0.05405475,0.02447364,0.022552622,0.022861127,0.03806612,0.026436005,0.11033575,0.053774454,0.023053655,0.043691143,0.030112091,0.036515493,doc_00114
0.1519585,0.031103337,0.036166538,0.16906387,0.03257722,0.038988266,0.03874353,0.13349885,0.04031938,0.1426041,0.040795665,0.032118585,0.028902167,0.032527678,0.050632305,doc_00115
0.5528495,0.021145497,0.030019645,0.051960353,0.021234287,0.020661356,0.020878835,0.033437885,0.028296866,0.056084428,0.05277057,0.025311472,0.026937872,0.024758505,0.033652943,doc_00116
0.50097895,0.030629084,0.06807525,0.05328876,0.05769579,0.03144093,0.028368486,0.034107883,0.03344829,0.03331108,0.031178288,0.019415608,0.023156317,0.020163994,0.03474116,doc_00117
0.45330375,0.021321736,0.02190753,0.29952827,0.015323095,0.015323066,0.0154002495,0.022194806,0.020367732,0.023515917,0.02290816,0.013801666,0.014401652,0.014938432,0.025763934,doc_00118
0.45547366,0.030725045,0.034573704,0.043614417,0.02785196,0.025439568,0.026120039,0.0348113,0.050832756,0.09156448,0.057290897,0.024303652,0.037159946,0.024260065,0.035978448,doc_00119
0.60437465,0.027944574,0.054587044,0.08024673,0.024543226,0.016180886,0.015690068,0.021924427,0.022433298,0.021755164,0.03228935,0.01339806,0.014913742,0.017064383,0.03265439,doc_00120
0.06736679,0.04685583,0.040327236,0.046578847,0.06195734,0.08009623,0.06760535,0.14128652,0.08536461,0.060358316,0.052942883,0.08863629,0.058012314,0.042290032,0.060321383,doc_00121
0.12661129,0.04353209,0.054967575,0.13013983,0.050971758,0.06669514,0.062414486,0.10286322,0.057411,0.069086,0.052319724,0.038740285,0.042118058,0.043220267,0.058909316,doc_00122
0.15787399,0.024128564,0.028661668,0.030503081,0.03230643,0.111760736,0.02811873,0.025847811,0.02534799,0.024840808,0.13533705,0.2798673,0.031982996,0.021655668,0.04176714,doc_00123
0.06958709,0.065007456,0.047487628,0.037151486,0.10505449,0.072945885,0.06326884,0.065892726,0.050050247,0.045557763,0.1041714,0.0683715,0.07294552,0.07124895,0.0612591,doc_00124
0.35519922,0.03705476,0.037701473,0.14487709,0.035712704,0.028774692,0.028979998,0.03688554,0.045297228,0.034351435,0.044061482,0.037665263,0.04282936,0.043178566,0.047431193,doc_00125
0.09851164,0.04659529,0.06875951,0.21383852,0.05590639,0.040521387,0.040280826,0.04790903,0.09168068,0.04629976,0.06797075,0.047363773,0.038377643,0.0394981,0.056486618,doc_00126
0.1169642,0.07782196,0.056270953,0.08704721,0.15309694,0.0504637,0.06075361,0.056466132,0.06803698,0.04548219,0.04666113,0.04303121,0.038881686,0.03970099,0.05932106,doc_00127
0.22368239,0.018571576,0.019298611,0.4717288,0.021836298,0.015944596,0.016311523,0.040670443,0.021764146,0.02154414,0.023770286,0.022704896,0.019381963,0.023921972,0.03886837,doc_00128
0.3066178,0.031816088,0.03286752,0.03788898,0.028781522,0.027802676,0.02794192,0.03227677,0.21203999,0.04194683,0.038160454,0.0707714,0.039160646,0.028228752,0.043698624,doc_00129
0.13615882,0.20215617,0.11886171,0.04148725,0.17020436,0.030482437,0.029505411,0.033456523,0.0319223,0.031371005,0.03577088,0.030329306,0.028710479,0.031478908,0.048104398,doc_00130
0.3834059,0.034622937,0.05708717,0.042656593,0.09632066,0.042060796,0.036456037,0.052695677,0.03643411,0.037531186,0.039018948,0.03796464,0.026099665,0.032306585,0.045339055,doc_00131
0.055821612,0.052131783,0.24417746,0.062396478,0.051466648,0.053513613,0.05146468,0.061107114,0.0509504,0.051620826,0.051671382,0.057792183,0.04723077,0.049878377,0.058776725,doc_00132
0.089008376,0.03716932,0.35401818,0.07385409,0.044356264,0.036844157,0.03558022,0.039004453,0.038485687,0.042702917,0.037865777,0.04966184,0.033997063,0.03802116,0.049430512,doc_00133
0.17086256,0.036426745,0.035256147,0.1624405,0.036771756,0.037348244,0.036495678,0.036989804,0.104793735,0.03885973,0.07641716,0.09964733,0.03934084,0.03611215,0.052237645,doc_00134
0.45732749,0.021517042,0.025308317,0.07004152,0.034251533,0.025433335,0.028719759,0.03528335,0.0652363,0.055501178,0.052813556,0.029611072,0.02627581,0.032808233,0.039871506,doc_00135
0.52343667,0.035980575,0.025609596,0.049404565,0.032808222,0.02289386,0.024069948,0.02822487,0.050205685,0.050173037,0.044727657,0.026468275,0.028571898,0.023740131,0.03368511,doc_00136
0.031309284,0.025290105,0.01987502,0.027169285,0.019461738,0.02080247,0.020225197,0.017226608,0.6363015,0.024573022,0.029209437,0.038766846,0.03886059,0.02141695,0.02951195,doc_00137
0.14602412,0.09649939,0.072730705,0.04301639,0.24987438,0.038341332,0.03642837,0.03669054,0.041192744,0.031248651,0.03074721,0.036845375,0.052362412,0.037132625,0.050865743,doc_00138
0.057963245,0.028062697,0.022868361,0.051181473,0.019735312,0.033249956,0.031674225,0.032729976,0.5236269,0.030029358,0.026680004,0.03731635,0.046694618,0.02189608,0.036291454,doc_00139
0.07214207,0.05414434,0.07198146,0.080908135,0.105631955,0.057735957,0.057434417,0.061080564,0.072375715,0.061628915,0.05402365,0.051867813,0.0755818,0.06011437,0.06334885,doc_00140
0.06562832,0.074956894,0.043887403,0.052754205,0.044640206,0.044468023,0.04245649,0.04272787,0.10271032,0.043931138,0.08611659,0.118850954,0.078921095,0.09727821,0.06067229,doc_00141
0.09084502,0.037003502,0.032549646,0.03598648,0.042228904,0.1756512,0.12785816,0.17391858,0.03703175,0.04823885,0.042781733,0.033178236,0.040654466,0.03154646,0.050526943,doc_00142
0.036840793,0.024228524,0.033131883,0.025174906,0.36839262,0.026420709,0.024690779,0.2747426,0.024976175,0.027610444,0.024990626,0.02651015,0.02408567,0.024198154,0.034006033,doc_00143
0.0403699,0.03882213,0.03890123,0.039598018,0.12083605,0.07361212,0.06746081,0.100462936,0.040785808,0.039836798,0.044598,0.040160615,0.21699607,0.042130563,0.05542896,doc_00144
0.3651981,0.09449037,0.033391513,0.029574737,0.025599847,0.058073364,0.05407591,0.062382057,0.05033196,0.051447093,0.03627693,0.029473374,0.029302858,0.03676451,0.04361733,doc_00145
0.3015247,0.22684923,0.044733196,0.040214375,0.042178933,0.030774945,0.030178308,0.03724888,0.032427106,0.030008437,0.031567413,0.040160447,0.029354138,0.038853243,0.04392666,doc_00146
0.1296142,0.03764831,0.032452244,0.04393112,0.030663775,0.03325455,0.03314085,0.029241594,0.24544674,0.031330284,0.03602894,0.09769258,0.11509693,0.053618915,0.05083892,doc_00147
0.56990004,0.030768145,0.030304592,0.053232063,0.025548752,0.02513192,0.025921362,0.028974194,0.025193522,0.048334885,0.027366797,0.020587046,0.027305951,0.026458895,0.034971893,doc_00148
0.27187517,0.020830324,0.027983055,0.034622643,0.030475067,0.024995416,0.024905967,0.029061735,0.03035708,0.35928863,0.040574398,0.023397641,0.024354368,0.021817472,0.035460997,doc_00149
0.47100303,0.104430534,0.037461665,0.03819351,0.03491612,0.027192444,0.025602855,0.038813446,0.034419786,0.04259756,0.039981637,0.020494401,0.0253141,0.022253642,0.037325226,doc_00150
0.119782686,0.051486034,0.037203122,0.19526884,0.04375768,0.043147482,0.04179255,0.042161264,0.041556694,0.04508547,0.15679783,0.04197091,0.03932979,0.045498766,0.055160888,doc_00151
0.07647125,0.04406235,0.033563863,0.08625225,0.03850136,0.03835302,0.03764442,0.038693987,0.14670411,0.045607373,0.054065593,0.124020144,0.1205897,0.05897142,0.056499217,doc_00152
0.48540264,0.025597187,0.037051372,0.0640565,0.030874105,0.025674235,0.027405588,0.030661521,0.052603927,0.06242461,0.048897155,0.021072455,0.024475472,0.025525438,0.03827787,doc_00153
0.058312345,0.03863035,0.30260777,0.13378778,0.04379351,0.04094508,0.041014124,0.05100846,0.040822145,0.037430283,0.038056243,0.040375818,0.03915419,0.041730307,0.05233155,doc_00154
0.44079113,0.1014127,0.041668095,0.04341337,0.03154292,0.028293608,0.024743384,0.029742325,0.033440974,0.03412573,0.042571437,0.028444922,0.032373648,0.044019274,0.04341651,doc_00155
0.37764,0.049073886,0.04948246,0.0476148,0.053020477,0.046519656,0.040853158,0.05551297,0.04862603,0.04368488,0.03396359,0.033510312,0.040338494,0.03322091,0.04693835,doc_00156
0.25543642,0.018481448,0.0499868,0.04349351,0.04219635,0.0198854,0.020371525,0.04153167,0.024983205,0.03911799,0.022282388,0.0124456715,0.03921839,0.34203038,0.028538855,doc_00157
0.14238597,0.034104824,0.039036065,0.048790935,0.10995522,0.10090464,0.089758724,0.14294894,0.047883127,0.038765103,0.036797926,0.04131732,0.040636126,0.034122992,0.05259206,doc_00158
0.24311759,0.1592418,0.029458078,0.031906378,0.036866277,0.03573071,0.034266282,0.035007425,0.034859717,0.03135553,0.031019265,0.04588144,0.17303921,0.0331569,0.0450934,doc_00159
0.44811112,0.021962294,0.024563953,0.038846735,0.030912703,0.026538454,0.028060041,0.03966575,0.04620624,0.13301119,0.06286101,0.016770525,0.029765388,0.020929145,0.0317954,doc_00160
0.062967665,0.049252447,0.033522274,0.036280707,0.079914644,0.10462851,0.084916875,0.063714474,0.053208582,0.039091177,0.059450056,0.16487369,0.06802795,0.041604646,0.05854633,doc_00161
0.07962821,0.08846699,0.038419217,0.063529484,0.111588866,0.07294274,0.06791942,0.06948516,0.091264434,0.045342494,0.06744929,0.050513588,0.0465314,0.046162885,0.06075588,doc_00162
0.39024043,0.046911206,0.03792646,0.056657813,0.04226553,0.054131687,0.043980286,0.035655368,0.03697305,0.046624597,0.04579982,0.046266507,0.03241231,0.037433133,0.04672182,doc_00163
0.06364633,0.04917451,0.045849,0.0485558,0.08348026,0.10523808,0.09327692,0.07450805,0.05485194,0.058097884,0.064305566,0.06276822,0.07186362,0.061905194,0.06247859,doc_00164
0.068243474,0.045421742,0.0443479,0.04594978,0.10910573,0.08775882,0.07782318,0.08181773,0.07097025,0.037936613,0.03802452,0.04189007,0.10120279,0.08902925,0.060478132,doc_00165
0.09708239,0.04085391,0.038655978,0.06221301,0.040907,0.07129894,0.067869194,0.12447993,0.07470981,0.09526567,0.12675522,0.035228867,0.038634207,0.030201968,0.055843916,doc_00166
0.10551637,0.062987566,0.05123297,0.10354579,0.061870627,0.04824337,0.047843166,0.073297955,0.065297015,0.05919666,0.07802883,0.065282084,0.04955103,0.06501724,0.063089386,doc_00167
0.30861685,0.031319585,0.04810639,0.22438858,0.031558193,0.02911262,0.029233448,0.03390062,0.04400699,0.03075451,0.03813228,0.034747824,0.034185898,0.037384722,0.04455148,doc_00168
0.22789127,0.042025365,0.031432737,0.041514322,0.028364927,0.29136696,0.04257957,0.030854836,0.029065656,0.032349832,0.048662998,0.046152346,0.02827557,0.03269181,0.046771783,doc_00169
0.037399463,0.029176831,0.032033294,0.040616408,0.03952807,0.16509068,0.041152164,0.35424572,0.03758034,0.044965103,0.048146304,0.027536694,0.03590857,0.02436074,0.04225959,doc_00170
0.11522205,0.18449013,0.02962733,0.08406541,0.16025622,0.03653492,0.03464558,0.03356243,0.08460694,0.030149404,0.029411696,0.041293684,0.040643733,0.0442208,0.051269658,doc_00171
0.08842255,0.044827953,0.04718168,0.09892668,0.086385205,0.093012735,0.087804735,0.09313655,0.04687381,0.046978317,0.061490912,0.04972876,0.04350673,0.049918808,0.061804608,doc_00172
0.038757745,0.0312542,0.035698887,0.038307145,0.1354287,0.14393623,0.11627811,0.22308296,0.0323993,0.033932656,0.031830326,0.031704582,0.032318834,0.028467668,0.04660263,doc_00173
0.16148382,0.024375487,0.029343337,0.22608496,0.024966817,0.03164863,0.030821532,0.03621541,0.24751,0.030822877,0.030343458,0.028716562,0.030177802,0.026044413,0.041444942,doc_00174
0.058745362,0.057097036,0.05374331,0.054915715,0.07347575,0.06280658,0.061956365,0.05773935,0.06743795,0.055238813,0.059693165,0.05421779,0.1485152,0.07011301,0.06430462,doc_00175
0.03548044,0.028122377,0.029686626,0.03848961,0.033962004,0.043922458,0.032582063,0.030621553,0.03230184,0.03249021,0.034894124,0.5230945,0.034400523,0.03086819,0.039083432,doc_00176
0.079049,0.076033674,0.041452467,0.052128214,0.0855399,0.065886535,0.0561202,0.043311365,0.0933444,0.04077871,0.04616146,0.051482733,0.12190936,0.0846639,0.062138155,doc_00177
0.19937599,0.2234718,0.029581979,0.025439998,0.033987522,0.078797564,0.03167334,0.027903961,0.14533986,0.02883565,0.03518387,0.030006632,0.038626757,0.027958581,0.043816425,doc_00178
0.07469891,0.0701695,0.051928263,0.10049509,0.076112546,0.050346266,0.050349347,0.06002613,0.12152939,0.054529853,0.050976206,0.058984112,0.052009128,0.065012395,0.06283283,doc_00179
0.25389764,0.0337991,0.054313857,0.04077654,0.041243006,0.028810482,0.029344577,0.031780228,0.23148383,0.03295965,0.032647762,0.062084656,0.047268473,0.034110762,0.045479424,doc_00180
0.24396104,0.031104622,0.051732756,0.03820929,0.0388911,0.027916394,0.028351348,0.030109327,0.2668071,0.031573914,0.029580442,0.0587014,0.04750597,0.031885307,0.043669958,doc_00181
0.115069024,0.05032883,0.25794065,0.08178091,0.039102763,0.041536547,0.040502165,0.04130806,0.040584747,0.045012277,0.055473555,0.036149427,0.03679349,0.06338011,0.055037476,doc_00182
0.21599633,0.04875039,0.20175858,0.17814288,0.044539824,0.028856082,0.027533123,0.0321161,0.0314151,0.031069066,0.029873269,0.028696543,0.026205994,0.031741764,0.043304954,doc_00183
0.418717,0.029808395,0.03145292,0.04908664,0.027686892,0.045844477,0.038950823,0.045881394,0.07245421,0.043904077,0.04638083,0.035623696,0.042762622,0.0277481,0.04369801,doc_00184
0.09786453,0.056607004,0.15619399,0.065162934,0.08237145,0.05190348,0.05242279,0.06335027,0.054231066,0.05013496,0.050514996,0.05082818,0.05647222,0.05077345,0.061168727,doc_00185
0.08387424,0.046313148,0.08762625,0.19498795,0.04463883,0.043045495,0.04297513,0.070659675,0.07038489,0.05472325,0.05426357,0.041933086,0.05650933,0.048779782,0.059285328,doc_00186
0.12653065,0.04909043,0.041592024,0.0660277,0.037766755,0.050587192,0.08066804,0.10412771,0.041216526,0.17881677,0.0451489,0.0388053,0.039100654,0.04458644,0.055934917,doc_00187
0.39695716,0.039012916,0.04739446,0.07012168,0.03267552,0.03628912,0.034999706,0.029910399,0.044689026,0.032849498,0.035117693,0.03500577,0.066687614,0.05274149,0.04554794,doc_00188
0.2120404,0.03366811,0.20442533,0.25410834,0.02551193,0.02421331,0.026138024,0.0246793,0.024039054,0.03290633,0.024978124,0.024859468,0.024024747,0.025001824,0.039405692,doc_00189
0.43148595,0.038323913,0.045327544,0.044302344,0.040015716,0.03801553,0.035091203,0.043462012,0.03927402,0.052752286,0.040995568,0.033928145,0.0326141,0.03530957,0.049102213,doc_00190
0.5515862,0.028248947,0.048411276,0.06485671,0.036147676,0.023198739,0.022892354,0.047435395,0.02346823,0.031305104,0.032485407,0.019189125,0.020803854,0.020941036,0.029029941,doc_00191
0.06290008,0.062529325,0.06274533,0.06509497,0.062366273,0.060267895,0.060874857,0.062217038,0.06031693,0.06268609,0.06792205,0.06738176,0.09014985,0.08647073,0.06607674,doc_00192
0.07367611,0.3273583,0.04604719,0.1073559,0.035350423,0.03844559,0.038218874,0.038332168,0.047580626,0.03603887,0.037062906,0.039359488,0.042581595,0.042228933,0.050362937,doc_00193
0.29979128,0.24482627,0.031166684,0.037566114,0.03297019,0.040821116,0.03524541,0.040613435,0.025676481,0.042254474,0.024583764,0.027768688,0.043699916,0.030405112,0.04261113,doc_00194
0.11896599,0.054823034,0.081634365,0.07390829,0.059198417,0.054791637,0.053343996,0.061072186,0.06967261,0.052112114,0.052796714,0.06614191,0.088134706,0.04820279,0.06520123,doc_00195
0.15768474,0.03299678,0.035238244,0.039989028,0.030592712,0.038677536,0.037414104,0.3726753,0.03483542,0.046295904,0.034339987,0.028654188,0.032377616,0.0325992,0.045629244,doc_00196
0.31788927,0.025535058,0.039667007,0.03415029,0.25813633,0.02998619,0.029807478,0.04321909,0.026326941,0.030717507,0.03050709,0.036828548,0.022268133,0.030985313,0.043975797,doc_00197
0.4625747,0.02889463,0.035799988,0.061722253,0.025972474,0.033457827,0.03264885,0.055537503,0.037372623,0.05874836,0.044121206,0.025603946,0.026248535,0.029600635,0.04169649,doc_00198
0.18154797,0.08083328,0.04041331,0.049565572,0.11147149,0.038573973,0.03550085,0.03875295,0.11919343,0.041788977,0.06494662,0.053764485,0.039954275,0.048689086,0.055003736,doc_00199
0.042337716,0.02741342,0.025314074,0.049346708,0.017892368,0.02127185,0.020870455,0.021034263,0.59653217,0.030391391,0.02646662,0.03263643,0.03732517,0.019451551,0.03171581,doc_00200
0.05012199,0.0274812,0.046992276,0.047969136,0.04959632,0.028689789,0.028373927,0.04681703,0.035315063,0.04728621,0.030683307,0.018866511,0.049599007,0.45671964,0.03548865,doc_00201
0.1811136,0.03669507,0.14357728,0.1404639,0.03841177,0.03260267,0.03233249,0.07273137,0.03647977,0.058646493,0.045219168,0.031501792,0.04369367,0.052075095,0.054455917,doc_00202
0.12620854,0.17418972,0.03629851,0.046741433,0.0355709,0.03917704,0.039140895,0.04709762,0.039993457,0.039675742,0.10192798,0.1357144,0.044816058,0.039449766,0.05399792,doc_00203
0.12041928,0.035591766,0.044626296,0.044225384,0.02251961,0.023443466,0.024172835,0.025559852,0.046163063,0.03633656,0.029992498,0.2563045,0.20207985,0.04463847,0.04392659,doc_00204
0.08981404,0.07657674,0.10321357,0.07874672,0.06651734,0.060035672,0.054478932,0.06983447,0.061175946,0.059199158,0.044222094,0.060224347,0.05874602,0.053748284,0.063466646,doc_00205
0.100494795,0.032117095,0.03407526,0.11335574,0.03437301,0.036022805,0.036885273,0.035633586,0.3381384,0.038091086,0.03917313,0.036375117,0.04094712,0.035903707,0.04841386,doc_00206
0.050672777,0.12378506,0.049493354,0.047074586,0.05174846,0.058652632,0.05405214,0.050183367,0.051948212,0.06184487,0.05396656,0.05154421,0.12023751,0.112547494,0.062248677,doc_00207
0.03712921,0.01800715,0.07758829,0.035265323,0.0458762,0.03572194,0.03504853,0.06258361,0.04709094,0.07108536,0.02111591,0.012644694,0.04284025,0.42747253,0.030530017,doc_00208
0.3591401,0.0670897,0.03698959,0.03318113,0.049584474,0.02490277,0.022643665,0.023522224,0.040098075,0.029700536,0.049069334,0.0810237,0.029702894,0.109237894,0.044113897,doc_00209
0.030692158,0.03290351,0.02515302,0.029263677,0.02931905,0.16660567,0.12362049,0.03194874,0.033802025,0.03085869,0.027307386,0.030772483,0.2191081,0.142248,0.046397004,doc_00210
0.40419605,0.03138732,0.05049777,0.04282487,0.03136839,0.05316735,0.047680434,0.050689463,0.044416346,0.030762298,0.044391137,0.05107864,0.036287315,0.033839673,0.047412913,doc_00211
0.15829334,0.045785964,0.12987429,0.25572592,0.03534363,0.037667245,0.039769758,0.03676317,0.030999033,0.037597124,0.0457935,0.03216599,0.03260525,0.032881204,0.048734616,doc_00212
0.030776896,0.051779747,0.036549535,0.033353966,0.023449868,0.026196279,0.026390998,0.023877366,0.45689,0.022049597,0.026381701,0.036192548,0.14577286,0.023133332,0.0372053,doc_00213
0.041704357,0.034293734,0.038457446,0.035466604,0.5036088,0.03335499,0.03405924,0.026149783,0.029577887,0.025758993,0.025551327,0.029883146,0.0734936,0.030306417,0.038333643,doc_00214
0.45917112,0.028160626,0.024932759,0.04906854,0.026687441,0.026970532,0.030090014,0.033558037,0.042561438,0.096778624,0.047216248,0.025691852,0.043177977,0.026099477,0.039835356,doc_00215
0.2814602,0.016389707,0.041650042,0.04082678,0.03519939,0.01751225,0.01933629,0.034102716,0.02252257,0.047486674,0.021217225,0.0123570785,0.041040488,0.34030315,0.028595459,doc_00216
0.09630926,0.043849155,0.07967885,0.11104536,0.09996765,0.0453116,0.04833228,0.041711234,0.10441013,0.045644198,0.10415583,0.038985915,0.038154516,0.043464396,0.058979597,doc_00217
0.28238192,0.32394728,0.03149429,0.032485,0.020455206,0.027878754,0.02692983,0.024937227,0.035064735,0.023976212,0.02990381,0.031023651,0.043059483,0.029086033,0.03737652,doc_00218
0.03513865,0.03155,0.030560805,0.03506402,0.017812273,0.025738103,0.024878088,0.018262075,0.6016047,0.021046426,0.020454729,0.041032195,0.04611579,0.01916316,0.031578984,doc_00219
0.4490788,0.034073282,0.03599375,0.049543273,0.03480352,0.027039595,0.025952494,0.030009579,0.053699736,0.03689993,0.058033172,0.03908507,0.041992772,0.03453169,0.049263332,doc_00220
0.17535892,0.02797358,0.02774443,0.030900897,0.0454031,0.035497554,0.03116872,0.029968621,0.14715892,0.032580722,0.02775592,0.031692024,0.28642014,0.02737245,0.04300402,doc_00221
0.0904297,0.08943205,0.045175556,0.04631246,0.039938968,0.046316963,0.045008328,0.039777804,0.08410772,0.042726897,0.08538721,0.13972464,0.10222692,0.044216197,0.059218578,doc_00222
0.03187113,0.06642838,0.023810457,0.026046004,0.029726826,0.028319847,0.02551265,0.021016987,0.040546197,0.028191347,0.04370519,0.53014284,0.030819574,0.03659449,0.037268028,doc_00223
0.049849123,0.052592352,0.04720109,0.047445185,0.057304375,0.074651025,0.058312938,0.050628625,0.059246913,0.046556156,0.054012474,0.06857597,0.19959864,0.07309511,0.060930047,doc_00224
0.039161224,0.04243036,0.02988721,0.033907752,0.13834594,0.037159648,0.03467826,0.034305453,0.11293914,0.033340964,0.081066914,0.13347618,0.057520267,0.1375341,0.05424663,doc_00225
0.1037025,0.075042695,0.044478185,0.07303936,0.06972825,0.067426115,0.042452537,0.0407748,0.07927878,0.08248175,0.0698657,0.041583154,0.08124873,0.066231765,0.06266566,doc_00226
0.053882174,0.028142897,0.03034754,0.06463307,0.019282233,0.023839775,0.024207862,0.030105049,0.5162911,0.04374396,0.04545007,0.027702192,0.041007444,0.017468024,0.033896696,doc_00227
0.03681604,0.591404,0.028593756,0.031576093,0.025938699,0.027828388,0.025143772,0.030445052,0.025946591,0.026115095,0.026746556,0.02621402,0.026770564,0.036206022,0.034255415,doc_00228
0.083601125,0.12570062,0.06276375,0.07524692,0.050991107,0.13079646,0.08603718,0.052149523,0.042421114,0.0601532,0.03959838,0.04470477,0.04310433,0.04190204,0.060829453,doc_00229
0.58604234,0.027198888,0.018405879,0.024128906,0.02662671,0.023273977,0.021848185,0.01904081,0.027684815,0.025450168,0.031018352,0.036379684,0.02598996,0.072488755,0.03442262,doc_00230
0.10614466,0.097070836,0.04484958,0.04220411,0.07748769,0.0880281,0.08033089,0.106398806,0.039584015,0.04421888,0.042206466,0.0929212,0.040561277,0.0395417,0.05845187,doc_00231
0.08832194,0.053644646,0.06402923,0.073641725,0.13285574,0.05478824,0.05254488,0.060730346,0.062083725,0.056202732,0.064144865,0.049133927,0.046761718,0.078210965,0.06290528,doc_00232
0.07799186,0.11800947,0.036330678,0.04086466,0.042539947,0.10971269,0.09039057,0.09677696,0.0920179,0.084750056,0.039973605,0.031643953,0.044700883,0.03831771,0.055978987,doc_00233
0.034712523,0.6072046,0.03429094,0.031122552,0.027942954,0.025368009,0.025299048,0.025034053,0.029090622,0.024269413,0.0264453,0.023768807,0.025726285,0.026663048,0.0330618,doc_00234
0.061042614,0.05132259,0.21010345,0.08275824,0.09277747,0.06315569,0.061711963,0.07048241,0.04055843,0.05145845,0.0424797,0.03657891,0.039777,0.039277982,0.05651507,doc_00235
0.13267975,0.30850476,0.032790434,0.033347886,0.034757588,0.08801139,0.039420787,0.03802111,0.037574273,0.050335396,0.042051937,0.0370139,0.04183104,0.03527884,0.048380934,doc_00236
0.036376003,0.031236032,0.02620865,0.03887756,0.026077852,0.030488934,0.030890875,0.028409854,0.2942312,0.033821568,0.038153794,0.11958837,0.19072881,0.031018069,0.04389244,doc_00237
0.07515706,0.06329387,0.04717881,0.08734222,0.08023351,0.059593398,0.04555378,0.058651168,0.07277048,0.041211016,0.07254582,0.11502387,0.04340445,0.07651007,0.061530504,doc_00238
0.080742635,0.097167745,0.05468722,0.04298267,0.1399162,0.038980037,0.03769919,0.034209702,0.06974246,0.040826205,0.08261441,0.08530101,0.03810541,0.10042137,0.056603692,doc_00239
0.056152746,0.069087215,0.043292325,0.041266397,0.04290846,0.07623124,0.07116791,0.044700015,0.081139654,0.071729794,0.065210775,0.08882392,0.13802446,0.049890388,0.060374722,doc_00240
0.39134228,0.06635665,0.07487637,0.054414466,0.039569058,0.040195994,0.039026182,0.043008126,0.029564282,0.032940123,0.047714785,0.036080927,0.028015316,0.03160264,0.045292776,doc_00241
0.04762097,0.43099973,0.026689231,0.03465298,0.032155566,0.038437884,0.034033168,0.02964381,0.044044692,0.028997917,0.03478542,0.027872838,0.082232535,0.062258776,0.04557455,doc_00242
0.03689112,0.31998906,0.027704148,0.0348478,0.031989157,0.03213118,0.02922504,0.030738113,0.0403081,0.025514685,0.030151907,0.028555647,0.047433577,0.24222326,0.042297117,doc_00243
0.20108089,0.029341815,0.040906735,0.045471467,0.03699406,0.034126174,0.03264393,0.17184669,0.16019714,0.028487856,0.07563705,0.033442196,0.028470622,0.032636225,0.048717193,doc_00244
0.06553329,0.06639582,0.07389653,0.06108161,0.0629264,0.075810626,0.06984944,0.041198842,0.07401992,0.045747045,0.06546587,0.0836211,0.09683932,0.05413899,0.06347526,doc_00245
0.044675123,0.4615292,0.03260446,0.04473451,0.03507339,0.045805536,0.03724381,0.043417003,0.028449943,0.034790173,0.037943125,0.029415991,0.050158646,0.03270906,0.04145008,doc_00246
0.02837382,0.5969183,0.029484777,0.026512705,0.025923265,0.028312087,0.027791794,0.02711531,0.028005159,0.030290894,0.02925083,0.028407728,0.03164374,0.027780036,0.034189567,doc_00247
0.12747553,0.25094423,0.03020706,0.03073974,0.030226208,0.14417775,0.104573496,0.033004355,0.0332338,0.043765277,0.028579675,0.02691238,0.036961067,0.03239937,0.0468001,doc_00248
0.043465998,0.55211735,0.029596804,0.028776463,0.035229173,0.031783637,0.027788812,0.03071318,0.021647826,0.028226107,0.021407092,0.020735327,0.062426027,0.031361755,0.034724418,doc_00249
0.2665665,0.3163191,0.028266652,0.029480318,0.031188946,0.03473452,0.030514447,0.026706591,0.03028345,0.029652003,0.023852365,0.028511757,0.0495082,0.033522848,0.04089232,doc_00250
0.047406416,0.4978232,0.028140407,0.03596934,0.025086587,0.03854099,0.034401525,0.025181808,0.03630108,0.038877193,0.028129455,0.039074954,0.050890632,0.0314482,0.042728297,doc_00251
0.25901264,0.35223225,0.030436108,0.033406936,0.029974064,0.027799949,0.026969707,0.020549012,0.024102015,0.03537859,0.028785625,0.021379469,0.04068945,0.030768618,0.038515653,doc_00252
0.29485852,0.34147027,0.026979323,0.038552035,0.028225958,0.025817208,0.02338913,0.026203709,0.030817995,0.03011147,0.026442084,0.022817992,0.023311969,0.025754439,0.035247874,doc_00253
0.48015597,0.04563773,0.03970642,0.058415763,0.038350128,0.029068517,0.028136846,0.035869837,0.03569263,0.03724139,0.035998393,0.029478328,0.029986981,0.034125246,0.042135853,doc_00254
0.26625746,0.2542319,0.02552094,0.035960943,0.028047629,0.041442562,0.037427664,0.029941754,0.03720053,0.035838366,0.047543127,0.046061765,0.037325602,0.032169856,0.04502986,doc_00255
0.08382251,0.062630676,0.04109496,0.10219153,0.03961395,0.097257234,0.08979958,0.10320372,0.06040185,0.09058181,0.042580124,0.04195526,0.04620969,0.0388998,0.05975736,doc_00256
0.095602654,0.15287799,0.03834384,0.03600047,0.03142187,0.1413933,0.10911399,0.13203421,0.03529087,0.038513407,0.029595328,0.029848745,0.039979048,0.038023707,0.051960595,doc_00257
0.049727026,0.053242974,0.045177624,0.047849685,0.049072973,0.12784038,0.11598637,0.08260106,0.084730744,0.07484906,0.04956331,0.045731895,0.062510125,0.049175166,0.061941672,doc_00258
0.10400053,0.082479574,0.08588048,0.080849566,0.04755034,0.057878993,0.05421538,0.046533126,0.07657881,0.055882033,0.07353542,0.060188387,0.06445551,0.04659219,0.06337971,doc_00259
0.08099001,0.30999994,0.03738629,0.03913092,0.036764387,0.039094266,0.03710767,0.037527498,0.04251057,0.035517376,0.04588095,0.13240683,0.03983414,0.036110286,0.049738944,doc_00260
0.1231686,0.2912176,0.034749974,0.036601327,0.031004414,0.12501287,0.070154175,0.03432393,0.037752185,0.03609203,0.028615294,0.03139207,0.036512304,0.035337925,0.048065238,doc_00261
0.20708682,0.18842953,0.029195024,0.03961006,0.0907044,0.12273385,0.03573945,0.038063392,0.028667511,0.026661787,0.026160691,0.028048959,0.05726183,0.035223637,0.046413135,doc_00262
0.15244873,0.033885606,0.23130271,0.17958269,0.039198484,0.031566978,0.031605173,0.02949914,0.042746246,0.036118947,0.043097407,0.027817536,0.03533894,0.036303077,0.049488306,doc_00263
0.08591634,0.049585044,0.044559002,0.04426294,0.07812496,0.10121536,0.09090523,0.10857408,0.07895595,0.051897053,0.044738673,0.046166226,0.050124742,0.06579889,0.05917549,doc_00264
0.08855647,0.045899685,0.07981248,0.15686265,0.058089375,0.04908226,0.048829757,0.060928307,0.088121645,0.062244575,0.05833584,0.04932999,0.04878487,0.044613983,0.060508125,doc_00265
0.047909144,0.02330102,0.022617066,0.08923106,0.019624073,0.021166468,0.023249136,0.028803464,0.53145885,0.036387347,0.03101418,0.032260615,0.031700708,0.027602267,0.033674568,doc_00266
0.26856458,0.039888944,0.033835135,0.04177943,0.040516444,0.055982824,0.04039216,0.039871078,0.034156952,0.044598565,0.040213723,0.039915506,0.19031101,0.038862508,0.051111124,doc_00267
0.073479585,0.055437043,0.042946216,0.14344652,0.04154271,0.07652178,0.08685627,0.06690577,0.060326796,0.0772226,0.07233901,0.047947485,0.054565024,0.039317477,0.061145697,doc_00268
0.18131955,0.026466599,0.026357047,0.04155308,0.023608584,0.19380143,0.1717534,0.02638797,0.026938649,0.024994113,0.0325522,0.121747635,0.035874885,0.024106903,0.042537916,doc_00269
0.11467712,0.20112236,0.024759622,0.03612358,0.022541523,0.10864918,0.029643252,0.026596822,0.06024949,0.02744752,0.029382147,0.21971528,0.032553963,0.023486705,0.043051463,doc_00270
0.045408458,0.43352777,0.023875097,0.031586427,0.03840883,0.034747686,0.031648543,0.028840864,0.04906375,0.034924917,0.027755091,0.03191626,0.100578494,0.04459874,0.043119077,doc_00271
0.04089875,0.08201693,0.03377272,0.038292814,0.09910439,0.06958692,0.044201262,0.03701254,0.038939904,0.042083573,0.047155898,0.04523885,0.23632592,0.08933765,0.05603184,doc_00272
0.15944918,0.025526075,0.029429184,0.028990638,0.03565369,0.16471742,0.13512243,0.1846405,0.03240644,0.031545315,0.032982502,0.02781623,0.038143944,0.02885803,0.044718392,doc_00273
0.2520129,0.26663277,0.037657097,0.03940652,0.045644373,0.04358637,0.035834476,0.03389496,0.03989575,0.027894605,0.034482084,0.0269165,0.047200188,0.025849268,0.04309217,doc_00274
0.16683342,0.03567603,0.030846348,0.09648769,0.18310459,0.040169995,0.03655376,0.032570828,0.1627464,0.035208408,0.033992816,0.027949177,0.03729797,0.032925047,0.047637515,doc_00275
0.38416544,0.099009395,0.039265174,0.039300047,0.035235513,0.037607707,0.035771206,0.030588625,0.039398674,0.035515316,0.047715813,0.055117894,0.033588573,0.045001317,0.04271928,doc_00276
0.13830732,0.26673576,0.18937688,0.03497344,0.03944712,0.03304553,0.03168765,0.026405381,0.028819826,0.030095773,0.034401607,0.035537433,0.029924568,0.036022507,0.045219235,doc_00277
0.07722958,0.05198029,0.07611599,0.050729953,0.09906614,0.07636453,0.06542774,0.10470688,0.066583134,0.077361375,0.051637657,0.045494985,0.04713812,0.048128616,0.06203492,doc_00278
0.17337021,0.03800103,0.041815408,0.12467326,0.029482435,0.034870066,0.03356528,0.04094425,0.14219446,0.038176347,0.03480293,0.037509274,0.14012621,0.03885769,0.05161113,doc_00279
0.47778115,0.03058352,0.049447846,0.07339786,0.025560206,0.026669962,0.025130423,0.036488585,0.037120428,0.038382683,0.044089504,0.029779667,0.030857777,0.034298144,0.040412195,doc_00280
0.05991102,0.039921146,0.04690406,0.087514125,0.13380297,0.062852696,0.056641746,0.05938099,0.05883039,0.0387365,0.07904745,0.03830464,0.12886529,0.04946921,0.05981776,doc_00281
0.031482503,0.031078273,0.023289734,0.03156397,0.03752366,0.034895487,0.029988863,0.027017549,0.025423512,0.028547803,0.031096935,0.023102421,0.5792816,0.030695407,0.035012264,doc_00282
0.15393274,0.09180324,0.075000025,0.1063268,0.041514944,0.045320366,0.045658134,0.06774097,0.05359583,0.04497757,0.048318457,0.04455143,0.048615407,0.072017826,0.060626272,doc_00283
0.083227135,0.04630827,0.05081805,0.07776968,0.09739907,0.08530017,0.07888925,0.08516453,0.05066309,0.046463683,0.05482152,0.038087156,0.080076724,0.06359136,0.061420288,doc_00284
0.1309912,0.04630325,0.11412395,0.03804415,0.20065965,0.038370997,0.034244448,0.043581035,0.032089535,0.03831864,0.03305203,0.047021147,0.09880619,0.05174849,0.052645247,doc_00285
0.0559748,0.06489027,0.049777083,0.056361962,0.054118924,0.05049508,0.050628513,0.04735515,0.15111691,0.047896754,0.05085335,0.04861165,0.11368371,0.09616829,0.06206752,doc_00286
0.20553815,0.05381497,0.039691977,0.0494634,0.040122405,0.10389562,0.08297307,0.048457712,0.10386043,0.04527666,0.04461654,0.03819314,0.04228451,0.045130864,0.056680597,doc_00287
0.10791141,0.13453993,0.028438393,0.028674362,0.02687713,0.16762346,0.09934773,0.038925618,0.032720253,0.16941139,0.030909747,0.03265666,0.027038144,0.026745476,0.048180252,doc_00288
0.073035695,0.048102666,0.08849132,0.07023431,0.12490789,0.04509815,0.042384207,0.062641464,0.0527768,0.07048455,0.057157703,0.044321302,0.1069087,0.052036386,0.061418872,doc_00289
0.10933077,0.03848881,0.17984247,0.039812874,0.12453227,0.03817549,0.038501244,0.052531168,0.03874566,0.05282182,0.030276084,0.03554195,0.039701723,0.12873213,0.052965503,doc_00290
0.15739541,0.030252177,0.03604606,0.22288892,0.02766616,0.032316513,0.032832876,0.03449345,0.18824625,0.040876076,0.045161635,0.03619417,0.036633648,0.030852089,0.04814449,doc_00291
0.10388233,0.043549184,0.05142027,0.11179305,0.10821038,0.12271078,0.093487136,0.046274964,0.039293032,0.046254877,0.042629384,0.03342149,0.05235035,0.046708908,0.05801392,doc_00292
0.10506782,0.067762695,0.03971438,0.051573206,0.042546086,0.102865905,0.096090786,0.10351863,0.06839666,0.08026279,0.04902762,0.05075914,0.04629662,0.037209447,0.05890824,doc_00293
0.071989805,0.061971813,0.045459535,0.04490408,0.15951571,0.056060266,0.064756185,0.064705,0.08085392,0.041812148,0.043239247,0.04336548,0.09460401,0.067368925,0.059393886,doc_00294
0.26324782,0.32403982,0.028515313,0.047618717,0.01790496,0.02156331,0.021661336,0.020904286,0.04644208,0.0247867,0.02487811,0.047501493,0.054181315,0.019922592,0.03683211,doc_00295
0.12867166,0.06013366,0.037742335,0.046499636,0.040504325,0.09703254,0.09407842,0.11765384,0.108158834,0.045219593,0.04639422,0.041475903,0.039625213,0.03930972,0.05750011,doc_00296
0.062089946,0.052944735,0.18324566,0.06506675,0.101519756,0.056995798,0.05407009,0.05614624,0.047346555,0.04764909,0.055345718,0.047416534,0.041280974,0.0688169,0.06006523,doc_00297
0.24428983,0.2509949,0.024805348,0.044641647,0.0384493,0.04162356,0.03485892,0.033131737,0.039330255,0.033256683,0.030870205,0.02673943,0.067175075,0.042706028,0.047127113,doc_00298
0.08350626,0.041964397,0.094871216,0.046518154,0.046013735,0.15359442,0.09013965,0.04431259,0.056454726,0.074182294,0.0576577,0.04350824,0.05329646,0.052954927,0.061025236,doc_00299
0.0758567,0.033652622,0.05866853,0.10762165,0.053455647,0.03345706,0.033042084,0.032005824,0.14337042,0.03188588,0.034698203,0.046777785,0.22517452,0.039098334,0.051234774,doc_00300
0.04770839,0.021196043,0.02778123,0.05487694,0.015277474,0.033846647,0.029681655,0.5745662,0.027871253,0.059156578,0.023422554,0.017196627,0.017274333,0.018983165,0.031160852,doc_00301
0.45120695,0.025131395,0.03579291,0.049340542,0.026279423,0.037797347,0.035294637,0.07202944,0.031069444,0.066735305,0.037686147,0.020942269,0.028686697,0.04055965,0.041447785,doc_00302
0.12753905,0.19417858,0.02449581,0.031763084,0.021596555,0.019608708,0.018200962,0.01947157,0.02601337,0.023508037,0.15641029,0.15707253,0.02071524,0.119215,0.040211275,doc_00303
0.5114271,0.029862972,0.025366211,0.04759887,0.032306314,0.02589875,0.026441224,0.03831309,0.032258596,0.0680055,0.03972174,0.023896024,0.027703032,0.0323373,0.038863212,doc_00304
0.5856294,0.032935787,0.0385372,0.0677515,0.025359554,0.018991511,0.019070476,0.029821934,0.027803006,0.03481144,0.035694472,0.015444939,0.0171762,0.022161033,0.028811533,doc_00305
0.058363255,0.48317215,0.038553715,0.043232966,0.023587571,0.03888365,0.034930192,0.049041726,0.033547144,0.044127714,0.04346061,0.024531638,0.023293147,0.026161311,0.035113174,doc_00306
0.25921363,0.2967202,0.035028256,0.037923247,0.027123308,0.035416603,0.03355982,0.031483054,0.044377524,0.03146178,0.025099887,0.030363202,0.036698904,0.033507735,0.04202289,doc_00307
0.37720507,0.043981552,0.04769192,0.048806094,0.040005464,0.04480992,0.04322701,0.045362994,0.040225245,0.042582184,0.042089075,0.041956276,0.044412486,0.047670282,0.049974438,doc_00308
0.07052389,0.028760798,0.03485332,0.03767283,0.049218092,0.1613607,0.055224366,0.30428424,0.037007388,0.03625796,0.032444883,0.036646377,0.03625379,0.03238411,0.047107305,doc_00309
0.0430811,0.042216655,0.042410173,0.07645645,0.04804057,0.045001924,0.04358896,0.04135017,0.04679703,0.038266297,0.038873088,0.03913207,0.31224763,0.08905517,0.053482674,doc_00310
0.1311057,0.050060634,0.039170265,0.057764612,0.1692576,0.040010702,0.038326383,0.079594985,0.048471574,0.032666225,0.0351028,0.031060886,0.05518993,0.13749233,0.054725338,doc_00311
0.09684054,0.17842999,0.037073437,0.044192877,0.069139525,0.076419875,0.057450555,0.034934882,0.051328182,0.042216163,0.034294523,0.031862725,0.15328532,0.039029792,0.053501632,doc_00312
0.087250374,0.09055642,0.033427548,0.039496783,0.10698331,0.07434368,0.065295205,0.038323205,0.071972646,0.0324734,0.045681633,0.03785819,0.11417708,0.102362715,0.05979785,doc_00313
0.02400864,0.23376262,0.022377238,0.0239376,0.16612081,0.023267515,0.020550048,0.020748198,0.029171968,0.019253718,0.0301913,0.031375002,0.27567557,0.040793847,0.038765904,doc_00314
0.04065046,0.58508897,0.032421164,0.05314609,0.023663098,0.023091825,0.02063118,0.029947115,0.025987219,0.027912205,0.029153967,0.024285294,0.02191668,0.029425949,0.032678846,doc_00315
0.2288897,0.12710811,0.03061227,0.037661284,0.031382382,0.22699636,0.0338925,0.034487087,0.03326589,0.04637069,0.030744245,0.025937188,0.028785456,0.036584653,0.047282092,doc_00316
0.19366315,0.05200239,0.037755974,0.035658058,0.03331123,0.20636156,0.1543314,0.03741005,0.03035117,0.040263455,0.028900692,0.027352432,0.0304532,0.04053265,0.051652633,doc_00317
0.047877558,0.12124955,0.042482544,0.04350733,0.044290073,0.044025574,0.04316263,0.040914595,0.044083174,0.045308795,0.045439523,0.28101373,0.04383478,0.05807442,0.054735728,doc_00318
0.03599633,0.027661119,0.043152295,0.025353853,0.02220257,0.053190887,0.040963735,0.5619199,0.026422864,0.042088103,0.023798741,0.018182905,0.019960357,0.025377164,0.03372916,doc_00319
0.50135165,0.020073686,0.04418532,0.09281535,0.022535847,0.019944107,0.019980721,0.031287506,0.050299224,0.044001803,0.039765023,0.024720296,0.027859408,0.026716957,0.034463126,doc_00320
0.09805706,0.11434718,0.045756035,0.11101447,0.08868632,0.061432127,0.039105594,0.05297239,0.038332697,0.03178716,0.031033032,0.029998144,0.13875128,0.061927192,0.056799363,doc_00321
0.0394695,0.028892482,0.028541612,0.032438792,0.0691748,0.26985887,0.21588264,0.039955836,0.04224094,0.041756652,0.046078753,0.02605822,0.043675732,0.03555341,0.040421743,doc_00322
0.054956403,0.046221673,0.052482028,0.043318573,0.04740695,0.12311874,0.10732516,0.11355273,0.065799385,0.115853354,0.04192239,0.038089193,0.050387256,0.0415823,0.05798376,doc_00323
0.30253816,0.028036617,0.042944606,0.19015269,0.027738828,0.043076012,0.04131197,0.03956573,0.0382406,0.040431354,0.033327077,0.036021337,0.051616233,0.036583655,0.04841514,doc_00324
0.094937466,0.020683058,0.026642641,0.026664214,0.10474419,0.08864418,0.08156265,0.02782162,0.120466575,0.1637077,0.13379233,0.022402192,0.026881758,0.018876499,0.04217285,doc_00325
0.057261743,0.040526126,0.041683376,0.041630123,0.17910917,0.102639794,0.07830539,0.12224263,0.057320938,0.041198604,0.043598276,0.047533635,0.048509963,0.041941103,0.05649913,doc_00326
0.0733658,0.04873496,0.053166285,0.064311124,0.07709535,0.06026282,0.056634218,0.17140175,0.058604974,0.06039384,0.046960037,0.059993472,0.05317028,0.054235503,0.061669555,doc_00327
0.11439641,0.037514646,0.046662886,0.051310513,0.116441384,0.0795178,0.07051066,0.16437893,0.045759622,0.04440154,0.050844125,0.03776465,0.04522938,0.0390357,0.056231797,doc_00328
0.4775307,0.03795888,0.047023714,0.04183715,0.050956048,0.03289915,0.034478664,0.042223603,0.030303244,0.034147665,0.030616434,0.03994061,0.027633006,0.031420927,0.041030224,doc_00329
0.06436208,0.06062043,0.057625655,0.07223142,0.054365244,0.080091685,0.07647418,0.07387504,0.06031343,0.059001546,0.09498291,0.059831403,0.05895236,0.062304188,0.06496842,doc_00330
0.43725142,0.115567476,0.033215776,0.039911352,0.033237316,0.031350333,0.030196758,0.029389815,0.032932404,0.031891942,0.030168131,0.03586152,0.036245868,0.04044712,0.04233282,doc_00331
0.08139166,0.058003396,0.046054404,0.09075559,0.046592098,0.084363334,0.073461846,0.08244316,0.051992644,0.07599831,0.08410171,0.05780728,0.05359549,0.049142975,0.0642961,doc_00332
0.28843218,0.038327634,0.024261443,0.034265902,0.017536152,0.019849088,0.020165334,0.02180367,0.3255241,0.025802668,0.029805686,0.045264397,0.05154867,0.022407074,0.03500605,doc_00333
0.20268905,0.23618774,0.030217154,0.041612223,0.020223882,0.021723732,0.022195546,0.022870017,0.2128724,0.027305882,0.032012634,0.030750433,0.03460327,0.025799938,0.038936116,doc_00334
0.11058995,0.095403105,0.04065521,0.033084836,0.13342991,0.0313332,0.03001437,0.027850144,0.03406462,0.030197682,0.032485384,0.16341859,0.0403153,0.14664009,0.05051762,doc_00335
0.039825298,0.020850295,0.018503442,0.062854655,0.017438542,0.018949285,0.020340366,0.034179572,0.5850237,0.048104864,0.027448647,0.024870891,0.031371586,0.018954441,0.03128437,doc_00336
0.07160736,0.067130186,0.03885712,0.04305189,0.072800905,0.06596719,0.0494294,0.04334166,0.06840383,0.06741386,0.10459394,0.12693137,0.041688032,0.07682445,0.06195881,doc_00337
0.13495314,0.03345745,0.027602026,0.028540932,0.037152793,0.032937028,0.030436741,0.028754976,0.16706924,0.031036308,0.034687392,0.1693929,0.035562303,0.15820037,0.05021638,doc_00338
0.035323873,0.036582164,0.028602296,0.03247126,0.03226386,0.03329575,0.031808745,0.029448964,0.14141622,0.034532554,0.0725639,0.18271631,0.03711271,0.22220407,0.04965731,doc_00339
0.04006819,0.016827216,0.022121567,0.040680032,0.026815442,0.019512406,0.02148116,0.27636993,0.0277019,0.062269274,0.0270745,0.01321257,0.032076567,0.342046,0.03174327,doc_00340
0.02528183,0.02195591,0.041220322,0.024760745,0.02934012,0.140772,0.1227565,0.19531411,0.039235566,0.20487502,0.025637573,0.020933073,0.027556293,0.038312644,0.04204822,doc_00341
0.08541846,0.06902251,0.06372617,0.064987436,0.06686437,0.041648004,0.040258564,0.044186775,0.06861255,0.059333865,0.06905698,0.09896493,0.04943248,0.115646645,0.06284026,doc_00342
0.034508884,0.036748637,0.043658134,0.03462358,0.46161148,0.027471106,0.02725729,0.02908031,0.03195392,0.026787987,0.03545269,0.037549566,0.02618673,0.105702095,0.041407652,doc_00343
0.27105382,0.25256476,0.04557474,0.043734394,0.03235604,0.029401382,0.028122887,0.035221968,0.04297998,0.037316237,0.038546626,0.039490834,0.023817321,0.037404895,0.042414084,doc_00344
0.13678442,0.14654034,0.029656954,0.042964566,0.033712447,0.16406818,0.12271405,0.035249203,0.031345543,0.03529674,0.034240007,0.031912316,0.054069806,0.049126554,0.052318897,doc_00345
0.26017597,0.031738754,0.040922407,0.04138402,0.030664181,0.09073693,0.03808485,0.20791486,0.033673275,0.04295404,0.04545289,0.031379327,0.028585015,0.02985383,0.046479724,doc_00346
0.06426768,0.24341439,0.05920822,0.037931144,0.048880436,0.043087922,0.04324787,0.038428117,0.090951756,0.037527505,0.044313397,0.08173688,0.06744783,0.04445231,0.05510459,doc_00347
0.074693225,0.06906476,0.056542385,0.06094278,0.056724835,0.07473221,0.06598081,0.059913814,0.06312889,0.060551606,0.06791861,0.06465091,0.09382762,0.06507612,0.06625145,doc_00348
0.23942061,0.08853113,0.03419464,0.24222533,0.03714938,0.029992528,0.030132765,0.024351792,0.04175262,0.057736482,0.048244223,0.024434188,0.028658466,0.027877875,0.04529803,doc_00349
0.48791373,0.025404194,0.029804215,0.05192221,0.033068597,0.02748464,0.032646004,0.02772235,0.041984748,0.06465221,0.04963611,0.02404053,0.03315799,0.031734627,0.038827818,doc_00350
0.03490964,0.035958275,0.02871351,0.030064577,0.028277038,0.02465879,0.025028203,0.027540965,0.028473502,0.5782002,0.034909256,0.025327533,0.03136614,0.031158524,0.03541386,doc_00351
0.4456677,0.026552793,0.028964411,0.052396942,0.028151073,0.029621515,0.031198377,0.0316875,0.05185701,0.06539726,0.06363156,0.028360521,0.036973666,0.036189046,0.043350577,doc_00352
0.084292784,0.05600806,0.055107705,0.07576325,0.10156654,0.067004636,0.060573384,0.07037013,0.060768016,0.039312016,0.038440682,0.032183774,0.10587262,0.09236167,0.06037472,doc_00353
0.08843826,0.035837453,0.089700766,0.038597476,0.11581719,0.040605955,0.036775418,0.13428827,0.08606731,0.133358,0.04398819,0.031810436,0.0333718,0.03709446,0.05424902,doc_00354
0.4094045,0.035368264,0.027108435,0.039749105,0.027621852,0.029134536,0.030608743,0.032095566,0.044396795,0.09840216,0.068669505,0.03162253,0.049913786,0.032530703,0.043373536,doc_00355
0.18984799,0.030696595,0.03538945,0.047517844,0.04668361,0.039799683,0.03722675,0.340822,0.03690325,0.03207192,0.037324358,0.026674801,0.028472982,0.02733257,0.04323614,doc_00356
0.03408415,0.026741184,0.02948188,0.037118718,0.21081154,0.10250295,0.085861586,0.22704077,0.03589536,0.03453757,0.033648077,0.025513384,0.040463433,0.030357838,0.045941595,doc_00357
0.07925904,0.038414806,0.047061093,0.051207546,0.11434167,0.07325535,0.069224045,0.1377086,0.07077389,0.042915743,0.046276662,0.044049785,0.08410847,0.04283501,0.058568284,doc_00358
0.03189401,0.026510274,0.027643586,0.02703085,0.046195447,0.358748,0.21453889,0.042022325,0.0324835,0.031943694,0.029893499,0.02560819,0.03339224,0.030985547,0.04110993,doc_00359
0.107066,0.04714553,0.07773699,0.1041221,0.061356686,0.068161435,0.061008446,0.039636444,0.04278441,0.066814624,0.041261785,0.07106191,0.06251426,0.08664967,0.06267969,doc_00360
0.21063402,0.038596783,0.034629516,0.034037057,0.033211958,0.028246578,0.025971754,0.02769892,0.033164024,0.2119231,0.19199614,0.026154919,0.031948946,0.026771419,0.04501481,doc_00361
0.3842384,0.047314283,0.037088163,0.049784914,0.04772378,0.03037346,0.03043459,0.02950441,0.05101485,0.053445905,0.078610554,0.03883952,0.038175493,0.035563253,0.04788838,doc_00362
0.46806514,0.03171372,0.051309135,0.034093235,0.044424366,0.03740659,0.03364207,0.033327237,0.029522227,0.05498718,0.04254861,0.028791416,0.03203399,0.035404712,0.04273037,doc_00363
0.54511684,0.021744182,0.039406527,0.048352532,0.026847927,0.018586887,0.020708468,0.027789531,0.03155143,0.06681555,0.05052285,0.018208202,0.024040582,0.026192492,0.03411597,doc_00364
0.14378645,0.16494668,0.034767836,0.035356592,0.12582803,0.13438366,0.04372705,0.029203674,0.035723664,0.028707808,0.035605785,0.046304885,0.04092713,0.046880085,0.053850677,doc_00365
0.13392946,0.29351607,0.031114796,0.03281849,0.03470777,0.1402065,0.036794838,0.035676498,0.03643415,0.033597723,0.03434786,0.03771164,0.038476408,0.03412576,0.04654201,doc_00366
0.13239987,0.027608396,0.30407408,0.04857101,0.16192262,0.032537714,0.03257609,0.033921886,0.034464616,0.024907136,0.043298382,0.025766548,0.027454654,0.027062923,0.04343404,doc_00367
0.16305979,0.028737446,0.034724645,0.04440087,0.040918346,0.15494472,0.12196203,0.15566793,0.03271671,0.035773974,0.033191267,0.036128186,0.0341792,0.0352572,0.04833766,doc_00368
0.06306881,0.114923544,0.066569895,0.06287007,0.06441901,0.06363361,0.06326821,0.06253666,0.06278346,0.06225738,0.06272327,0.061979678,0.061743062,0.061720267,0.06550312,doc_00369
0.24735297,0.15933612,0.08083535,0.160658,0.031161953,0.030356282,0.028439717,0.033535376,0.030223474,0.032664925,0.033206917,0.027425066,0.026749289,0.032732133,0.045322467,doc_00370
0.07293097,0.04874914,0.061495863,0.053350925,0.09493587,0.088618256,0.08248943,0.06736437,0.06949116,0.061096255,0.06479754,0.06404177,0.058896367,0.04798138,0.06376062,doc_00371
0.04395862,0.026600992,0.019750329,0.022382408,0.04034289,0.28992906,0.031330235,0.35774654,0.025616871,0.02756378,0.019549614,0.016863488,0.03031536,0.01765106,0.0303988,doc_00372
0.17322324,0.018678535,0.02108671,0.028689954,0.20736758,0.15976736,0.024255225,0.032045193,0.01973297,0.015341018,0.017152866,0.017560879,0.20709087,0.023958748,0.034048837,doc_00373
0.11175891,0.031047866,0.051567797,0.048510663,0.13872679,0.06758904,0.033479325,0.07484849,0.03886423,0.028197253,0.031733647,0.032439087,0.14589067,0.11191672,0.053429518,doc_00374
0.07003438,0.27358407,0.15084152,0.037888315,0.043624427,0.060030527,0.04356683,0.03870393,0.03557064,0.036542986,0.040863138,0.040314674,0.03880207,0.038862284,0.050770227,doc_00375
0.027890414,0.02121742,0.032503255,0.025502285,0.018366793,0.20626576,0.1298019,0.20064004,0.026792374,0.19084907,0.024293141,0.018381339,0.020959925,0.01976032,0.036776014,doc_00376
0.30440494,0.035115186,0.032698654,0.046254262,0.032656964,0.029660799,0.0288485,0.029572539,0.23745848,0.034318727,0.04931966,0.031605974,0.03218775,0.030401634,0.04549591,doc_00377
0.20095061,0.022874746,0.039549325,0.1583469,0.024758099,0.029639604,0.029289456,0.28922662,0.02952486,0.042074703,0.028597984,0.019980077,0.021929685,0.02424848,0.039008822,doc_00378
0.11770507,0.27661604,0.04023667,0.0401522,0.03172378,0.039283607,0.034667697,0.03767304,0.032837726,0.1541378,0.04099471,0.04227432,0.030940935,0.03291431,0.047842104,doc_00379
0.08218675,0.05446219,0.05230965,0.12969552,0.050814744,0.056196947,0.05601885,0.05621984,0.07055023,0.06321794,0.101350576,0.051293597,0.048968375,0.062824816,0.06388998,doc_00380
0.07265143,0.055342343,0.056779306,0.121860206,0.05155356,0.057223648,0.05671827,0.062321052,0.0665289,0.05846419,0.105348915,0.052749157,0.0533958,0.064423054,0.06464017,doc_00381
0.15180567,0.03789127,0.03816166,0.046346016,0.11371807,0.09234894,0.08758102,0.043330144,0.105280064,0.034961313,0.036013585,0.051255126,0.054713942,0.049953945,0.05663922,doc_00382
0.07972212,0.052086342,0.05488601,0.0515193,0.047456954,0.11761905,0.088736385,0.081749596,0.057399414,0.05578588,0.054656018,0.053289965,0.08726154,0.05443821,0.0633932,doc_00383
0.030513791,0.02731636,0.03099846,0.027206298,0.024086075,0.20441023,0.12670782,0.20068453,0.031968288,0.15323855,0.02625171,0.02339632,0.025093522,0.026125759,0.042002197,doc_00384
0.12884946,0.03512621,0.042075407,0.031971976,0.037788454,0.15083204,0.12801085,0.035034753,0.03675176,0.03385054,0.16709994,0.041917555,0.042893145,0.036450274,0.05134759,doc_00385
0.4064076,0.042036027,0.04651643,0.051676393,0.035732266,0.04847828,0.04357676,0.035520833,0.043274686,0.042537313,0.042144563,0.038502727,0.045243256,0.03726558,0.041087333,doc_00386
0.20886292,0.025294973,0.034124613,0.2255511,0.030806106,0.033487964,0.0313324,0.20778541,0.027589928,0.028711397,0.026284354,0.027841127,0.025792092,0.025489116,0.041046474,doc_00387
0.07039373,0.04217692,0.055823497,0.06621424,0.08619957,0.06595472,0.058898035,0.057430513,0.06022032,0.04243873,0.04679496,0.15285173,0.069356345,0.06299595,0.0622507,doc_00388
0.046353437,0.50529337,0.04680616,0.036522888,0.04172672,0.027395299,0.025885554,0.03522415,0.033354793,0.028011555,0.028227363,0.036275957,0.026944332,0.042517368,0.03946109,doc_00389
0.08066319,0.09742361,0.047406342,0.084933035,0.053288322,0.10065513,0.080652215,0.08343987,0.048167046,0.08751975,0.04358208,0.045884565,0.043970067,0.041440126,0.060974654,doc_00390
0.08016807,0.053841002,0.0662483,0.09803272,0.048272148,0.06990508,0.06309605,0.063449524,0.06716431,0.054483104,0.06726122,0.08088557,0.0683525,0.05410762,0.06473275,doc_00391
0.13956912,0.03664982,0.033813927,0.042968202,0.034381747,0.0379581,0.033941183,0.04056413,0.049917627,0.03369694,0.04170681,0.031482823,0.043888066,0.3494453,0.05001614,doc_00392
0.37304202,0.037844766,0.034034006,0.05999743,0.029426023,0.024204962,0.024339966,0.036208455,0.03530547,0.038591113,0.037209727,0.02738268,0.026954224,0.040810034,0.17464909,doc_00393
0.14597419,0.0377107,0.03625599,0.10695711,0.03460406,0.042979542,0.039549656,0.039106976,0.20894216,0.038943216,0.10955443,0.031130053,0.04439397,0.032074105,0.051823925,doc_00394
0.52920496,0.03074499,0.038029943,0.05439849,0.03075543,0.017905865,0.017309755,0.024805259,0.04165554,0.034556933,0.071528666,0.022830954,0.02653575,0.02339087,0.03634663,doc_00395
0.5059185,0.03630028,0.043569036,0.056745686,0.025798978,0.03514603,0.030672947,0.03789446,0.03850003,0.04360294,0.027574565,0.025687968,0.025167776,0.028577354,0.038843498,doc_00396
0.2702551,0.033015642,0.14852132,0.17822179,0.03420055,0.031237006,0.033280753,0.033103816,0.030650016,0.03560819,0.029157132,0.026794245,0.03189069,0.037972677,0.046091102,doc_00397
0.3164534,0.0466784,0.034807667,0.20067659,0.039743904,0.03450768,0.033339582,0.041518025,0.037238024,0.034766704,0.038497575,0.03326693,0.030951653,0.031650286,0.045903586,doc_00398
0.09195587,0.14028162,0.030644313,0.027585508,0.1202126,0.03338796,0.029461678,0.03391887,0.02979992,0.044595145,0.026707208,0.10750221,0.0330232,0.20155182,0.04937215,doc_00399
0.38656074,0.030562053,0.030125493,0.07128139,0.029208057,0.029322756,0.029199617,0.030635787,0.03321587,0.035141867,0.15710886,0.03013605,0.031031393,0.03285898,0.043611158,doc_00400
0.068265125,0.058261037,0.08352603,0.054084677,0.0721721,0.05330503,0.055955235,0.055195145,0.08235925,0.09839265,0.056463957,0.07386653,0.07645321,0.04877814,0.06292197,doc_00401
0.18644726,0.030711545,0.18667255,0.23409477,0.030756017,0.029525463,0.031210894,0.030992819,0.030450206,0.036169138,0.02802521,0.032326452,0.035830542,0.031179996,0.045607172,doc_00402
0.4379717,0.028999811,0.06023332,0.057876974,0.039211195,0.04124549,0.03892587,0.036100153,0.047162075,0.03723179,0.041917924,0.027821219,0.037555344,0.02602207,0.041725107,doc_00403
0.20904294,0.056659926,0.04337546,0.03319044,0.03821515,0.16771542,0.027755514,0.22978897,0.025310123,0.030535711,0.025037173,0.023579448,0.027835175,0.022707356,0.039251287,doc_00404
0.42974356,0.032500163,0.037454337,0.042178538,0.025930414,0.04575718,0.04524241,0.052289832,0.04522119,0.045424454,0.029297406,0.05282137,0.040611863,0.029990198,0.045537062,doc_00405
0.5026207,0.028982477,0.03187979,0.035356652,0.04802693,0.024968863,0.024649687,0.03208395,0.030724844,0.03728173,0.06181491,0.035549834,0.029669149,0.037543956,0.038846508,doc_00406
0.5831263,0.01649838,0.020993108,0.066360936,0.01939647,0.015698448,0.017241862,0.046019327,0.02943471,0.06010082,0.05148791,0.011680301,0.01667883,0.018344527,0.026938085,doc_00407
0.22588317,0.028241644,0.04275368,0.1951673,0.026518062,0.032731745,0.032918125,0.026873786,0.17320508,0.031204553,0.030134806,0.035222474,0.04223461,0.030902375,0.046008553,doc_00408
0.58917147,0.029975617,0.03388053,0.07658467,0.019477256,0.018325303,0.018255748,0.023598293,0.031306773,0.030797271,0.033050988,0.020870745,0.02264702,0.020718353,0.031339973,doc_00409
0.42547348,0.05807836,0.038266975,0.036796946,0.066667594,0.03289758,0.029948404,0.049974296,0.029338539,0.047265045,0.031920936,0.031349447,0.033163838,0.04658669,0.0422719,doc_00410
0.03924108,0.54675674,0.037369672,0.033948146,0.04151973,0.028834004,0.028353231,0.03014512,0.027541198,0.028420117,0.033659443,0.02799012,0.028493198,0.030002572,0.037725665,doc_00411
0.13437533,0.0544996,0.040571444,0.11061317,0.0759025,0.045761183,0.045929022,0.0745303,0.07545839,0.0524207,0.04651652,0.044569667,0.056568597,0.081912816,0.06037075,doc_00412
0.1331225,0.07388013,0.046115566,0.049627755,0.07432446,0.046115305,0.04348876,0.07359266,0.078408435,0.04373106,0.047959153,0.043977924,0.09981001,0.084670596,0.061175663,doc_00413
0.12039677,0.26566708,0.04164782,0.034383327,0.028299132,0.03529399,0.03751977,0.027001072,0.17248882,0.02728821,0.03884759,0.038768798,0.052885957,0.03395796,0.045553625,doc_00414
0.08488015,0.06607057,0.05900475,0.06259153,0.073011756,0.0576271,0.05385019,0.095485136,0.063221216,0.06555819,0.046835247,0.073508285,0.051647715,0.082557045,0.064151146,doc_00415
0.5047233,0.020406744,0.029062308,0.04829872,0.020919647,0.022817593,0.023837814,0.02942944,0.04128609,0.10110163,0.049844526,0.018845776,0.035836536,0.019147186,0.034442615,doc_00416
0.086917244,0.03874715,0.044906497,0.08596512,0.0420798,0.06523425,0.067445464,0.071670905,0.07740408,0.15021919,0.09331405,0.038649164,0.040200457,0.038897596,0.05834896,doc_00417
0.09823856,0.044421367,0.057822715,0.11009401,0.07191639,0.07738105,0.06747594,0.0838157,0.04601446,0.047435474,0.05075052,0.040317908,0.043831136,0.09861838,0.06186644,doc_00418
0.04636888,0.057769343,0.043329272,0.043429207,0.24119784,0.07739524,0.06697281,0.072441585,0.050194897,0.039233323,0.039990693,0.042288568,0.060844265,0.06137943,0.057164654,doc_00419
0.044459406,0.046574283,0.03910967,0.0398355,0.30548975,0.07444068,0.055275675,0.06674447,0.045828752,0.038154166,0.03674573,0.039476503,0.04977718,0.06457577,0.05351246,doc_00420
0.07879689,0.1061939,0.042342737,0.04642266,0.17026517,0.039418127,0.037749004,0.039811734,0.040640138,0.047035616,0.1396926,0.07602455,0.034201343,0.045208097,0.056197453,doc_00421
0.44075787,0.029129887,0.041454125,0.05209117,0.034772296,0.03851327,0.03849956,0.036662683,0.04444042,0.042835057,0.04106412,0.043969482,0.042712774,0.028380875,0.04471649,doc_00422
0.13671991,0.11515486,0.027792843,0.031144708,0.036127944,0.104663044,0.09169935,0.030827036,0.03953076,0.028037893,0.03679421,0.20196539,0.039367616,0.0314928,0.048681673,doc_00423
0.031241318,0.02745336,0.030990709,0.03066778,0.30892405,0.03405675,0.030838292,0.06485161,0.026407102,0.02623223,0.02514797,0.027235515,0.2682544,0.028918449,0.03878043,doc_00424
0.20133197,0.036351476,0.037443005,0.27887297,0.033999164,0.033856418,0.03505792,0.030137444,0.039265808,0.037523217,0.035661843,0.03313649,0.035214152,0.08473716,0.047410976,doc_00425
0.10945837,0.11115585,0.030717662,0.046033014,0.10164126,0.07511777,0.03690892,0.035168182,0.088243715,0.03301515,0.036573447,0.040552907,0.0457514,0.15343913,0.05622319,doc_00426
0.11418822,0.107299976,0.05140089,0.047210798,0.23462632,0.0446474,0.044157755,0.038160488,0.057236385,0.038199697,0.03739281,0.03584563,0.052928712,0.04200953,0.054695446,doc_00427
0.40671661,0.034247283,0.086666405,0.0410253,0.050240785,0.03282111,0.031358685,0.032172173,0.04171947,0.05836625,0.055400744,0.022856329,0.024142634,0.037917767,0.044348408,doc_00428
0.25153816,0.040180556,0.025854338,0.032706324,0.29178315,0.035854187,0.03216986,0.045198206,0.033493996,0.030040937,0.031186953,0.02808883,0.04261225,0.036548868,0.042743426,doc_00429
0.07934817,0.052336413,0.08042758,0.030614316,0.45747194,0.03272889,0.031496834,0.031372048,0.027976021,0.027935462,0.029562192,0.024731494,0.027977316,0.026334366,0.039686903,doc_00430
0.071524374,0.07016172,0.042093474,0.051553614,0.04328256,0.0662102,0.062076148,0.04697797,0.067522645,0.04629142,0.10623371,0.13663296,0.08224975,0.045925025,0.061264466,doc_00431
0.07894879,0.048341505,0.058458045,0.050715737,0.14612705,0.072406024,0.064511955,0.083488025,0.05563659,0.050916735,0.04191631,0.055166237,0.081741735,0.050394878,0.061230436,doc_00432
0.054621145,0.0489066,0.043606646,0.048422057,0.05157303,0.056011163,0.0544259,0.06344407,0.045812834,0.046673324,0.07301826,0.2629735,0.049409274,0.044243563,0.05685863,doc_00433
0.14255936,0.031433474,0.038590018,0.037551742,0.42447576,0.035356287,0.03245883,0.04275905,0.030753,0.02539974,0.029601462,0.031561688,0.025635332,0.031380538,0.040483665,doc_00434
0.10110061,0.033722047,0.34438834,0.10468515,0.041278563,0.033138607,0.033831436,0.056244157,0.036820374,0.037386615,0.037731055,0.030668238,0.030471362,0.031572018,0.04696142,doc_00435
0.0689741,0.03718093,0.037569743,0.045379136,0.04416758,0.06537653,0.061650533,0.042205073,0.08074771,0.03918208,0.08387762,0.21140833,0.089976706,0.03561355,0.056690417,doc_00436
0.08229291,0.036769237,0.030046431,0.035865024,0.14990014,0.083854176,0.036277536,0.08896462,0.0337385,0.02891341,0.02938127,0.030634837,0.15322466,0.12860745,0.051529754,doc_00437
0.07459625,0.04100886,0.07008857,0.08916485,0.07672444,0.064898774,0.05989508,0.060615987,0.053359326,0.047484152,0.03744892,0.034852013,0.10517961,0.12348019,0.061202876,doc_00438
0.09185369,0.04061941,0.038740065,0.03831122,0.033996575,0.11702936,0.09473217,0.08338535,0.032105092,0.030114831,0.035633743,0.25126383,0.03437955,0.028702645,0.04913248,doc_00439
0.14392595,0.042060606,0.044197947,0.09464402,0.1540413,0.068082854,0.041788653,0.039827596,0.04094829,0.09465256,0.051809587,0.04321845,0.04299817,0.04159581,0.05620819,doc_00440
0.058766223,0.04423064,0.22654201,0.054359663,0.04425834,0.041763656,0.042090606,0.042716883,0.09888458,0.05121136,0.042952944,0.08671641,0.061249938,0.047610752,0.05664599,doc_00441
0.07347785,0.061922576,0.056818094,0.0923414,0.064373314,0.05476666,0.05498893,0.054034505,0.08800266,0.049168553,0.049315926,0.046504486,0.119035326,0.07194326,0.06330642,doc_00442
0.074786335,0.05393658,0.049436785,0.05828632,0.09173189,0.068616204,0.060304362,0.047843497,0.08415383,0.060995504,0.0564743,0.060834985,0.074550614,0.09411426,0.06393451,doc_00443
0.05432776,0.05609035,0.048310354,0.053999722,0.083738744,0.06277767,0.061797075,0.057168163,0.10715468,0.05170891,0.054946788,0.07373691,0.09820777,0.07174392,0.06429116,doc_00444
0.2141066,0.030125909,0.032379106,0.031966425,0.3250447,0.036680456,0.034039896,0.03540377,0.02927342,0.031104533,0.044647865,0.036710955,0.040481932,0.03514592,0.04288851,doc_00445
0.034980197,0.025767138,0.028603083,0.028791698,0.15711018,0.13255852,0.11182257,0.16861065,0.028477281,0.025916075,0.027128419,0.028111778,0.12937544,0.027441677,0.045305368,doc_00446
0.10932353,0.073206306,0.075787805,0.08372994,0.07632841,0.061099514,0.06203699,0.06392637,0.062864035,0.068901,0.05537455,0.04648613,0.047866356,0.048824564,0.06424445,doc_00447
0.07062775,0.0425411,0.098337434,0.044915564,0.27908936,0.041512333,0.04274149,0.08245163,0.03967705,0.040413667,0.04201528,0.040224794,0.04245731,0.039925307,0.053069927,doc_00448
0.08806138,0.07674994,0.04110331,0.038879238,0.12952363,0.07796004,0.06668348,0.042420775,0.04106875,0.039152324,0.043208994,0.035078943,0.119202755,0.10308499,0.057821434,doc_00449
0.07505792,0.05500723,0.043832906,0.09332993,0.09793332,0.07389462,0.0729254,0.06372606,0.07769027,0.043028157,0.05517956,0.04594454,0.078469336,0.06146219,0.062518634,doc_00450
0.21031219,0.028277267,0.033987187,0.03974755,0.16000348,0.03443419,0.03308938,0.22731416,0.02899637,0.032484304,0.032009397,0.033026185,0.034465358,0.02722391,0.044629138,doc_00451
0.06539942,0.058955934,0.054421593,0.06732894,0.094096735,0.06956931,0.068226114,0.048495885,0.10894515,0.048834722,0.05630527,0.066866115,0.07605481,0.053420093,0.063079864,doc_00452
0.07986418,0.054836717,0.04837983,0.048684783,0.051889263,0.052462347,0.0501261,0.05763081,0.04994986,0.07081417,0.08942967,0.17772278,0.05173082,0.05544179,0.06103693,doc_00453
0.1307088,0.029330626,0.02452002,0.041574802,0.16307536,0.1339109,0.106095135,0.024264943,0.037280202,0.025152994,0.025930516,0.030962424,0.15527628,0.0266013,0.04531566,doc_00454
0.19816245,0.0412105,0.0402968,0.048827134,0.032557976,0.063122086,0.040784772,0.041284252,0.16291073,0.045293495,0.04209627,0.039228678,0.110572405,0.0418949,0.05175763,doc_00455
0.13503815,0.036955398,0.040331755,0.043974444,0.034995016,0.20221722,0.17393221,0.033189233,0.029976405,0.04144426,0.04175001,0.05709603,0.041880846,0.035571575,0.051647346,doc_00456
0.0999002,0.055177774,0.1016188,0.059709705,0.2125879,0.044486716,0.04176269,0.09259016,0.04063177,0.039096937,0.04012303,0.038854033,0.03871459,0.04010979,0.05463587,doc_00457
0.035536025,0.03584201,0.026800169,0.030312892,0.28087842,0.123399206,0.033782918,0.22840978,0.028681172,0.025169697,0.024231754,0.02733853,0.030129423,0.028531073,0.040956903,doc_00458
0.081049316,0.04195797,0.0754273,0.048217025,0.11154477,0.08207166,0.07203519,0.1043542,0.08017346,0.048334163,0.054918736,0.04849024,0.04599446,0.04532174,0.06010972,doc_00459
0.034070473,0.023015851,0.029017271,0.031121392,0.03614698,0.16040966,0.13748875,0.23014206,0.12788281,0.033889674,0.033626247,0.02807978,0.029889522,0.02274901,0.04247051,doc_00460
0.48048505,0.032330394,0.0444299,0.059018888,0.034212753,0.028458174,0.02793098,0.03214131,0.032206576,0.062076185,0.04172976,0.029867936,0.029075926,0.026007134,0.040029023,doc_00461
0.24409896,0.06725048,0.02077941,0.034404136,0.3136776,0.030414281,0.02490367,0.025658892,0.02517298,0.01780148,0.022161378,0.021425802,0.060686577,0.05548138,0.03608296,doc_00462
0.120239325,0.035435665,0.03395383,0.042366028,0.029084578,0.03308255,0.0331537,0.032160204,0.099962294,0.039866507,0.04498274,0.044677235,0.3309974,0.03294516,0.047092743,doc_00463
0.06208785,0.06252413,0.06386318,0.07786418,0.09628724,0.07024771,0.06442924,0.07863903,0.066235885,0.04909074,0.04609282,0.06482139,0.06728384,0.06674821,0.06378455,doc_00464
0.094612606,0.038318057,0.048644945,0.047491435,0.13982245,0.08207356,0.07115486,0.083038874,0.039127465,0.037716817,0.04389851,0.034003273,0.13866308,0.0440092,0.0574249,doc_00465
0.03401215,0.033980105,0.034734078,0.029252473,0.2673573,0.033035807,0.031159278,0.030341292,0.029052645,0.031801857,0.036241483,0.12907806,0.02870528,0.2057303,0.045517936,doc_00466
0.14921285,0.22812851,0.03492827,0.042445835,0.04192813,0.03782141,0.036091622,0.035256308,0.03734222,0.039070264,0.040625714,0.042078093,0.037507065,0.14677767,0.05078608,doc_00467
0.20292275,0.38955063,0.02476847,0.032048993,0.032741114,0.03303806,0.028587881,0.03454272,0.026738828,0.024179174,0.04093661,0.035660915,0.023835061,0.03138456,0.039064195,doc_00468
0.06614533,0.060647815,0.05859481,0.06894881,0.053701263,0.052254703,0.05083944,0.08529921,0.057114057,0.1401418,0.05835247,0.064254425,0.06357803,0.0565887,0.06353912,doc_00469
0.18142486,0.027281342,0.02805308,0.030121474,0.029782843,0.20879216,0.037982747,0.030771594,0.03510654,0.028311688,0.026676247,0.028131485,0.03181721,0.23146895,0.044277832,doc_00470
0.082766995,0.059752513,0.043537784,0.045198668,0.06282083,0.07198659,0.05667886,0.037935827,0.09140313,0.06888884,0.09039582,0.10036595,0.038326018,0.08783937,0.062102806,doc_00471
0.07243498,0.058682837,0.06745565,0.057085205,0.08023436,0.080473796,0.0661321,0.054423597,0.0610666,0.06531225,0.06156448,0.08316608,0.05611719,0.07114986,0.06470103,doc_00472
0.07045084,0.03178845,0.042016912,0.06921186,0.1431354,0.08290721,0.07536435,0.12126947,0.088401765,0.044441618,0.052661836,0.036948357,0.047682982,0.0379302,0.055788767,doc_00473
0.0842831,0.059642315,0.043357573,0.077102795,0.071137086,0.062966555,0.0598811,0.086155035,0.06787132,0.049103275,0.046223566,0.121963605,0.044636574,0.06345416,0.06222201,doc_00474
0.11160974,0.07799112,0.075691424,0.044632986,0.03608325,0.081347145,0.07054168,0.09193442,0.03985546,0.054525007,0.049773827,0.034917895,0.07617065,0.09639729,0.05852803,doc_00475
0.07252585,0.08360211,0.048730206,0.075455114,0.042977206,0.07281888,0.06416892,0.07631771,0.04790217,0.06524163,0.07977428,0.04612855,0.067845896,0.09171602,0.06479549,doc_00476
0.042369373,0.03666344,0.03343777,0.038622536,0.039324604,0.053688254,0.03583803,0.06908982,0.038467318,0.035368245,0.033378176,0.42197874,0.03777442,0.038115993,0.04588332,doc_00477
0.09769974,0.037345592,0.051737055,0.06768596,0.041863985,0.064038225,0.058087587,0.07775002,0.040482827,0.034755852,0.08937051,0.20848063,0.039230686,0.03507898,0.056392305,doc_00478
0.09094911,0.036876433,0.057687487,0.13613741,0.04586391,0.043758083,0.044178743,0.12952068,0.07676191,0.060200904,0.068180755,0.077161,0.036151394,0.03781126,0.058760945,doc_00479
0.13039824,0.04594127,0.054469287,0.0631602,0.1251506,0.0738685,0.067682505,0.09120432,0.047312077,0.050366547,0.04425601,0.049213015,0.050746754,0.04701671,0.059213925,doc_00480
0.194856,0.026351701,0.24205719,0.21983156,0.0322032,0.025666783,0.02537756,0.027780764,0.027889613,0.030835722,0.032535154,0.024266534,0.02459924,0.025368512,0.0403804,doc_00481
0.12520996,0.067316845,0.086876266,0.11287186,0.05077937,0.051864263,0.049732674,0.06522068,0.052508146,0.0604783,0.059207346,0.05106667,0.05162678,0.051360372,0.063880526,doc_00482
0.08972482,0.04900202,0.117638566,0.070891805,0.15409939,0.05442481,0.052756757,0.05681334,0.05551661,0.05585939,0.04896188,0.04304905,0.044374004,0.04700223,0.05988531,doc_00483
0.1498397,0.040422365,0.030003369,0.043078795,0.036507018,0.15657632,0.12659194,0.03402308,0.0361386,0.021316404,0.02727824,0.028342012,0.19860919,0.02733746,0.043935508,doc_00484
0.08520742,0.061231222,0.06153679,0.07789576,0.06448929,0.06444328,0.062147375,0.1081195,0.062443502,0.059880033,0.061737027,0.050810453,0.054633994,0.061324194,0.06410011,doc_00485
0.10508116,0.07220784,0.069833234,0.08450996,0.05663161,0.07021958,0.05797509,0.0834277,0.07872543,0.04639575,0.05408909,0.046990715,0.048337735,0.062961034,0.06261407,doc_00486
0.055698343,0.05575496,0.052152134,0.055103004,0.065999575,0.058820345,0.056530546,0.054936387,0.06867987,0.05328662,0.053488687,0.054475296,0.056129467,0.19699311,0.061951622,doc_00487
0.10880812,0.040452506,0.038963873,0.050704516,0.05025515,0.059841037,0.041354705,0.03917106,0.038273245,0.05083383,0.03779946,0.030958358,0.15889959,0.19882151,0.054863043,doc_00488
0.11221014,0.09394949,0.040953774,0.045976136,0.040491518,0.086232305,0.073873386,0.03975457,0.08168227,0.03254353,0.07753608,0.1408338,0.03990958,0.037429467,0.056623947,doc_00489
0.33449617,0.033152994,0.041831106,0.03542727,0.04257288,0.14786513,0.041388433,0.04280856,0.03390251,0.03813046,0.047207154,0.048670705,0.03027543,0.03473824,0.04753295,doc_00490
0.07233967,0.039756607,0.07151895,0.049204726,0.16654395,0.08041474,0.074409425,0.11304722,0.047028802,0.051088706,0.050960455,0.038782116,0.047931936,0.03953935,0.05743334,doc_00491
0.03128059,0.022944825,0.027775927,0.027696004,0.029407864,0.033969466,0.03188138,0.22537585,0.031230332,0.3802974,0.038562078,0.02729868,0.028649662,0.02550581,0.038124114,doc_00492
0.03459777,0.037165407,0.034048837,0.030942084,0.035892274,0.03346822,0.032705054,0.031176114,0.033180274,0.034103088,0.033160806,0.29390875,0.03502483,0.25591174,0.04471478,doc_00493
0.11868557,0.04284273,0.035459407,0.04612877,0.049570225,0.12059526,0.10038032,0.20247303,0.040833782,0.04013751,0.030961651,0.037065834,0.03957313,0.04206084,0.053231865,doc_00494
0.08679093,0.06337439,0.05978859,0.07292036,0.14960063,0.054816958,0.054558884,0.05849514,0.06461781,0.054806836,0.057710923,0.047227036,0.04953746,0.063613504,0.06214052,doc_00495
0.061092764,0.043106534,0.060355406,0.2156732,0.049523108,0.04135272,0.040158466,0.049901843,0.05069855,0.04008626,0.036705665,0.038986437,0.124465756,0.090791635,0.057101704,doc_00496
0.026369913,0.023648228,0.021220839,0.022913478,0.02977199,0.03551422,0.03219817,0.034698516,0.024416279,0.030713774,0.026326787,0.6105664,0.027305743,0.02204252,0.032293227,doc_00497
0.07175915,0.046259288,0.061469104,0.058245435,0.09411795,0.06204786,0.055800203,0.16819814,0.046593204,0.039725296,0.04364808,0.04403945,0.102384746,0.04660059,0.059111513,doc_00498
0.2059348,0.32200325,0.030729434,0.03252754,0.03747093,0.038478516,0.033961225,0.02847159,0.032925997,0.029338868,0.039633352,0.058671053,0.029991226,0.03598931,0.04387295,doc_00499
0.26572984,0.038666677,0.04191177,0.03883401,0.2568024,0.045593336,0.035777446,0.03872386,0.038316444,0.033456817,0.032836705,0.029042441,0.030739091,0.029001554,0.04456759,doc_00500
0.06617163,0.04038978,0.044259835,0.052169617,0.11239775,0.07245989,0.064289086,0.11404002,0.04164758,0.03948608,0.037982542,0.036164865,0.17579143,0.046387132,0.056362752,doc_00501
0.07729061,0.035479814,0.03466749,0.04622404,0.03534205,0.09950062,0.091799416,0.047293484,0.0517803,0.09461084,0.08717444,0.17099082,0.037159044,0.03454046,0.05614655,doc_00502
0.08427667,0.05084986,0.11187227,0.037305273,0.3018646,0.042632077,0.040504057,0.04096081,0.040639896,0.039756536,0.047270305,0.033730358,0.042263813,0.03564679,0.050426714,doc_00503
0.052900188,0.06684405,0.103436545,0.063898996,0.06314394,0.07432027,0.067197554,0.08382143,0.05106047,0.050807677,0.05719659,0.08509357,0.061997194,0.054749813,0.06353174,doc_00504
0.052900184,0.06684404,0.103436574,0.063898996,0.06314393,0.07432026,0.06719753,0.08382142,0.05106048,0.05080767,0.057196584,0.08509355,0.06199719,0.05474981,0.06353174,doc_00505
0.041536886,0.058771912,0.041821092,0.04178998,0.0752372,0.04588436,0.044317134,0.039278287,0.043049116,0.044257782,0.049029104,0.2356011,0.044823285,0.1386223,0.05598049,doc_00506
0.066128366,0.039989986,0.046322275,0.0963995,0.07723187,0.06805319,0.064024836,0.12402931,0.048765227,0.05178287,0.066816494,0.059888285,0.07200665,0.0566849,0.061876196,doc_00507
0.04868996,0.046603177,0.045717567,0.045548636,0.15711947,0.09995286,0.08002694,0.08125686,0.06418545,0.054734528,0.071158685,0.04267087,0.058721386,0.04426568,0.059347924,doc_00508
0.3731556,0.04369903,0.04257738,0.045716032,0.0374249,0.035669267,0.033886984,0.026253913,0.0533616,0.049987923,0.03857766,0.08594086,0.054383777,0.034468163,0.044896927,doc_00509
0.44971344,0.03182564,0.058963295,0.048671395,0.04861393,0.03443539,0.03295706,0.03170181,0.042082757,0.03089705,0.044773024,0.02480682,0.039958272,0.036614086,0.04398609,doc_00510
0.5628184,0.028226074,0.056580212,0.056121245,0.030579448,0.02037476,0.020994365,0.030383747,0.022789376,0.040631663,0.037848342,0.017840246,0.019296793,0.022242593,0.033272587,doc_00511
0.08651875,0.03626888,0.0345262,0.033151343,0.032972,0.13344151,0.103269175,0.095959134,0.10285924,0.03683859,0.06395557,0.028373308,0.11131751,0.04398875,0.056560002,doc_00512
0.15128483,0.027668003,0.029794216,0.03276302,0.026096705,0.025592912,0.023169588,0.025749916,0.1328084,0.03518083,0.032348037,0.21333653,0.02895972,0.17131446,0.043932837,doc_00513
0.048308495,0.042781603,0.036374114,0.041962963,0.046465747,0.030168071,0.028531903,0.023705864,0.036884695,0.032247037,0.050819892,0.38735592,0.04986855,0.10023004,0.04429511,doc_00514
0.0953064,0.025967801,0.5204091,0.04638074,0.031945724,0.026632255,0.026746303,0.027627757,0.027408538,0.026461542,0.032548767,0.025534313,0.024288068,0.026035033,0.03670761,doc_00515
0.37469664,0.09801179,0.075087056,0.033875898,0.080926195,0.04508893,0.040449053,0.027266001,0.032778125,0.03739475,0.027778137,0.031863697,0.040345207,0.022983856,0.03145461,doc_00516
0.053311706,0.079376206,0.049587253,0.046681087,0.075288095,0.050557874,0.04917921,0.04702855,0.07907373,0.051709168,0.08355811,0.11931427,0.052537844,0.0990719,0.06372497,doc_00517
0.043548383,0.023870913,0.023309296,0.031919956,0.022825494,0.6025089,0.03514405,0.023285856,0.029126015,0.03467838,0.027286287,0.023146516,0.026026566,0.02078329,0.03254,doc_00518
0.20501041,0.15418482,0.0679785,0.033973992,0.17079277,0.037415463,0.033960488,0.042288147,0.03391999,0.035743054,0.031149069,0.03734579,0.034035135,0.033681978,0.048520382,doc_00519
0.44935367,0.02254405,0.033820774,0.053088464,0.024454243,0.029650513,0.02965124,0.029362716,0.049817134,0.06978659,0.06492779,0.032090105,0.038937815,0.031566627,0.04094823,doc_00520
0.06388977,0.06585642,0.057925075,0.06473204,0.08403176,0.062286533,0.064920165,0.056412563,0.0746514,0.06556617,0.056402028,0.070654914,0.07006832,0.07711268,0.06549024,doc_00521
0.16642196,0.03124044,0.037923414,0.03832377,0.022151701,0.026398892,0.026598679,0.024197513,0.40445605,0.025956985,0.03833012,0.048840854,0.043609317,0.026538588,0.03901171,doc_00522
0.030423794,0.029097762,0.030143868,0.029773433,0.023261853,0.023756478,0.023577105,0.02189211,0.59491026,0.021166123,0.0303506,0.038648617,0.03986631,0.030109303,0.03302237,doc_00523
0.04073397,0.026828393,0.024551246,0.046024434,0.017313546,0.019504512,0.020147717,0.01837559,0.6185183,0.023441998,0.027588984,0.032854844,0.035807617,0.017897245,0.030411588,doc_00524
0.1146056,0.13864371,0.044876505,0.03805408,0.27998787,0.037347794,0.03711087,0.03533016,0.040132288,0.038285233,0.038596697,0.033214424,0.03932632,0.0352894,0.049199075,doc_00525
0.19288337,0.034295727,0.034237683,0.033606455,0.23158589,0.03902631,0.03237682,0.038950104,0.15264197,0.030162094,0.035263106,0.03618293,0.030114481,0.032829005,0.045844037,doc_00526
0.16472496,0.04639484,0.124544606,0.091625296,0.08582688,0.044192165,0.041886814,0.07825935,0.04386085,0.04390946,0.052203447,0.04134015,0.04200505,0.041184206,0.058041953,doc_00527
0.06975147,0.065487444,0.08561711,0.056371488,0.037935186,0.0960145,0.08517935,0.103326894,0.055617526,0.051638894,0.076720186,0.04214588,0.04028609,0.07003338,0.063874505,doc_00528
0.12330667,0.031855326,0.03251516,0.046190113,0.04110908,0.03446447,0.03561929,0.035538778,0.036829133,0.28305072,0.15634839,0.029839927,0.034822114,0.03083137,0.047679406,doc_00529
0.098438546,0.03501571,0.05189789,0.055825137,0.09220303,0.07925096,0.07380732,0.14944306,0.08865941,0.055212248,0.042865396,0.0424418,0.041651517,0.036371604,0.056916345,doc_00530
0.06624328,0.1743444,0.039259966,0.028004838,0.03907181,0.03739798,0.03215894,0.028869588,0.03840586,0.027526146,0.026721856,0.032756697,0.029786974,0.3554777,0.043973953,doc_00531
0.034869388,0.027315097,0.28731316,0.029363416,0.30975333,0.029329963,0.028900314,0.024435965,0.028801223,0.027894614,0.025257984,0.036882557,0.03354759,0.03709636,0.03923899,doc_00532
0.2102006,0.025348507,0.030677868,0.35762915,0.028612006,0.026280114,0.026684342,0.028745512,0.07579292,0.031382885,0.04007936,0.024354175,0.025228564,0.029056555,0.039927445,doc_00533
0.11699966,0.13886015,0.041000646,0.11585112,0.03321181,0.034136113,0.033045325,0.03278287,0.14762056,0.03384864,0.123064585,0.03190948,0.03541157,0.030972142,0.051285364,doc_00534
0.5168254,0.023142327,0.04582631,0.079117596,0.027122632,0.020684732,0.02149433,0.023081226,0.05514145,0.03143051,0.047345616,0.02638584,0.021818975,0.023879116,0.036703926,doc_00535
0.18316844,0.31752262,0.040710714,0.031917922,0.049529057,0.03304676,0.03104826,0.027867973,0.041846488,0.02589552,0.036565755,0.045501698,0.038861427,0.050445978,0.046071347,doc_00536
0.11122869,0.043951478,0.044859067,0.046935003,0.1398455,0.0964324,0.04732274,0.18102713,0.035402223,0.031392638,0.02962262,0.03024115,0.066039264,0.043355353,0.052344732,doc_00537
0.09850212,0.10275537,0.036128487,0.038930688,0.0495366,0.13037868,0.09468184,0.040454485,0.03404468,0.041963477,0.0351581,0.039745286,0.16266532,0.04120375,0.053851135,doc_00538
0.28629345,0.029101536,0.026596557,0.043614455,0.019125208,0.01818805,0.01796765,0.020616507,0.31851265,0.03350334,0.029420914,0.0476908,0.043850325,0.029598098,0.035920486,doc_00539
0.03529021,0.08957946,0.23034045,0.032182284,0.25161502,0.032248724,0.031334233,0.029730614,0.032505587,0.026754046,0.033719055,0.042773917,0.032218494,0.05349137,0.046216536,doc_00540
0.14874907,0.03586033,0.052281857,0.04347364,0.18918489,0.13487893,0.10083265,0.034640666,0.03057345,0.043237414,0.03314686,0.028495152,0.03522776,0.03919839,0.05021893,doc_00541
0.35605097,0.045675196,0.033651758,0.043466285,0.05289456,0.042379357,0.04024523,0.043357834,0.065838665,0.029453365,0.03460836,0.04155405,0.062954865,0.05889376,0.048975695,doc_00542
0.03859458,0.041644372,0.028180601,0.03144081,0.028011756,0.30238122,0.23519582,0.029276986,0.029942138,0.041850585,0.03107983,0.065169096,0.02987121,0.025665028,0.041696,doc_00543
0.10464753,0.036454476,0.18188737,0.0421804,0.096018806,0.038583416,0.034781326,0.037238184,0.18076527,0.03685311,0.043430008,0.041970488,0.039499886,0.034250688,0.05143907,doc_00544
0.38832906,0.021427678,0.021292707,0.059786297,0.025389966,0.017661082,0.018881401,0.02109297,0.03400432,0.032326933,0.253162,0.020827565,0.022296967,0.029074114,0.03444698,doc_00545
0.059394997,0.04935944,0.08903336,0.05609252,0.05108821,0.08006571,0.073570296,0.10283981,0.060002964,0.09037004,0.07360439,0.051610515,0.04752533,0.051918037,0.06352433,doc_00546
0.030191766,0.6289353,0.023921583,0.021714257,0.023708405,0.029963918,0.025535408,0.023956357,0.024307188,0.02455349,0.033276316,0.025363278,0.026996601,0.025871078,0.031705122,doc_00547
0.0829481,0.115375526,0.051207498,0.04126136,0.18148631,0.03935966,0.037771344,0.03980126,0.036098797,0.03770598,0.10778827,0.0948214,0.035175387,0.042783916,0.056415197,doc_00548
0.078170285,0.040167753,0.053263076,0.047330964,0.037171237,0.12839152,0.09103393,0.07920941,0.09037183,0.09305113,0.039675433,0.035862315,0.03917573,0.08691098,0.060214434,doc_00549
0.064403735,0.07080067,0.1321464,0.05152946,0.13486204,0.05372615,0.051915243,0.056569792,0.053670846,0.048641697,0.050291434,0.055656746,0.05294655,0.06081527,0.062023945,doc_00550
0.2866935,0.02493238,0.022988522,0.02739686,0.027194148,0.029629843,0.026091471,0.026747812,0.032826867,0.060128048,0.038218193,0.02144907,0.31472465,0.02408986,0.036888782,doc_00551
0.08650193,0.08492131,0.033151414,0.03181504,0.11172491,0.08848257,0.078247786,0.075194374,0.057606913,0.051450334,0.039807156,0.028840782,0.14037035,0.03628322,0.055601906,doc_00552
0.061993457,0.061629657,0.054483145,0.057468455,0.05220173,0.113445,0.07686736,0.062866986,0.067003876,0.067337714,0.058255743,0.0636063,0.056392264,0.07956806,0.066880174,doc_00553
0.49067172,0.038201824,0.071236074,0.052944418,0.03335025,0.027526341,0.025783183,0.027438598,0.03834924,0.029244043,0.028701805,0.023518788,0.03657722,0.036743857,0.039712667,doc_00554
0.028309545,0.23703548,0.027651923,0.024768338,0.0222944,0.02261041,0.020413764,0.018435124,0.16458815,0.019350067,0.027643433,0.2797286,0.033167064,0.03486249,0.039141234,doc_00555
0.02830234,0.5857161,0.0341538,0.036873516,0.029047644,0.02939237,0.027526842,0.026073605,0.02640552,0.022964558,0.023917617,0.027895566,0.031043189,0.035924066,0.03476319,doc_00556
0.03560037,0.041087594,0.031281237,0.029253963,0.035028923,0.10383599,0.0957893,0.03395321,0.22164422,0.035201497,0.04374014,0.05791654,0.12832296,0.05480862,0.05253533,doc_00557
0.269538,0.07468927,0.028252887,0.037768405,0.03456239,0.22316988,0.02944462,0.031136937,0.034042604,0.028003821,0.030077051,0.024011998,0.08188859,0.03153745,0.041876074,doc_00558
0.094067045,0.05068743,0.09473048,0.099211425,0.051140122,0.054476142,0.054358445,0.069509484,0.061947025,0.08219061,0.059968375,0.047908075,0.06982443,0.04703214,0.06294881,doc_00559
0.40024132,0.036082584,0.035779122,0.04815536,0.030311225,0.036849897,0.03092443,0.034566045,0.050656866,0.03802702,0.04040944,0.047220685,0.053120233,0.03863328,0.07902255,doc_00560
0.17342862,0.029175285,0.044252694,0.03742305,0.03258772,0.032611754,0.03285167,0.02377903,0.38452038,0.031826954,0.032435633,0.03528709,0.039788134,0.027402425,0.042629592,doc_00561
0.10011055,0.063651316,0.12954223,0.082672305,0.107110694,0.069184236,0.05969993,0.07809629,0.04232283,0.04072792,0.044280615,0.040869698,0.041249927,0.042015944,0.058465496,doc_00562
0.36216396,0.035629224,0.056165013,0.06683203,0.04572305,0.03853763,0.036470607,0.04561036,0.053477485,0.040598527,0.052890144,0.03469017,0.046560235,0.03620909,0.048442513,doc_00563
0.035477098,0.03396074,0.021864355,0.03680463,0.020055205,0.027044678,0.025586367,0.02251153,0.56117916,0.031253744,0.028205892,0.0467819,0.050600268,0.022860084,0.035814315,doc_00564
0.05099457,0.0757343,0.030095113,0.034514196,0.024916809,0.032752085,0.028823834,0.026319426,0.46832085,0.036006026,0.03562633,0.041183013,0.0449407,0.029177545,0.040595192,doc_00565
0.4352433,0.029612917,0.025092917,0.061278716,0.026956214,0.024242561,0.025209164,0.022219628,0.10790086,0.03894249,0.06489793,0.032932118,0.037882622,0.02955785,0.03803066,doc_00566
0.116771914,0.30521616,0.033245865,0.032592837,0.037321553,0.13477296,0.03672358,0.035946622,0.031099884,0.034300882,0.040707715,0.041402414,0.035871185,0.035941962,0.048084438,doc_00567
0.081680536,0.17025857,0.06622481,0.0870378,0.047486484,0.060594436,0.055882014,0.044456035,0.06430195,0.047809977,0.06478466,0.049132157,0.050196663,0.049225595,0.060928322,doc_00568
0.076896794,0.01029677,0.14584231,0.6061313,0.009781399,0.0058233403,0.006090819,0.013958648,0.036913216,0.019396422,0.033670444,0.007107191,0.005614313,0.0062343907,0.016242577,doc_00569
0.03204471,0.01955659,0.025131108,0.03384781,0.018867398,0.03903216,0.033866197,0.22836754,0.3876588,0.044433244,0.031519447,0.027681405,0.02846664,0.0152435,0.03428347,doc_00570
0.40131092,0.06114207,0.03810009,0.036217,0.029337976,0.03732024,0.03248933,0.029650876,0.07058379,0.03684901,0.03850514,0.061520368,0.05195039,0.03219737,0.04282539,doc_00571
0.2761464,0.33201417,0.029930558,0.02580039,0.023562714,0.04027616,0.03580343,0.03065573,0.03226717,0.028680958,0.032241687,0.027358655,0.0283031,0.020839922,0.036118973,doc_00572
0.5156265,0.018456455,0.06763757,0.08460086,0.023006458,0.020356968,0.019811492,0.028128687,0.033419944,0.039152168,0.049622867,0.019350015,0.022931898,0.023022462,0.034875643,doc_00573
0.075376585,0.07760537,0.071071714,0.066830695,0.072660424,0.07806247,0.07021178,0.07048362,0.048252534,0.0954867,0.07921529,0.04836172,0.041007407,0.043864533,0.061509117,doc_00574
0.049053486,0.03564589,0.44695488,0.056679886,0.03716182,0.036507912,0.037033793,0.03634741,0.03819508,0.03754851,0.04223349,0.03628856,0.033510152,0.03221786,0.04462128,doc_00575
0.08278369,0.061149158,0.12057923,0.074152365,0.038132243,0.097509734,0.08297665,0.06510118,0.06210908,0.083226226,0.059998892,0.037971586,0.03592317,0.03853982,0.059846994,doc_00576
0.09029985,0.091519885,0.051014792,0.05170989,0.055946566,0.121764176,0.06624864,0.04841788,0.0559898,0.056387868,0.055693395,0.06059459,0.07163288,0.058206994,0.06457277,doc_00577
0.049851272,0.4104996,0.03859531,0.03212225,0.035387043,0.036856677,0.035358958,0.03796011,0.03318188,0.03175093,0.03746018,0.11137444,0.034840625,0.030524824,0.04423586,doc_00578
0.06627767,0.054898128,0.120565414,0.11062911,0.0704201,0.05876792,0.053815104,0.052263454,0.057302475,0.060021825,0.05158037,0.065981716,0.058439277,0.056137353,0.06290006,doc_00579
0.34713426,0.036570963,0.04650264,0.034339044,0.035586637,0.031878233,0.029336343,0.04272042,0.032800414,0.04548604,0.036822326,0.036577407,0.05412563,0.1432646,0.046855018,doc_00580
0.04069091,0.04034244,0.03548186,0.032989755,0.033302207,0.040475737,0.036826737,0.037431974,0.46273637,0.035212863,0.038849484,0.036222413,0.035336003,0.049434435,0.044666797,doc_00581
0.09733103,0.034925018,0.54436135,0.032865025,0.032918215,0.028724117,0.028521126,0.026295247,0.02363477,0.024063386,0.02411515,0.022292597,0.02195271,0.023476308,0.03452407,doc_00582
0.033259664,0.029845519,0.38201907,0.026677236,0.24968591,0.02743651,0.02734264,0.029512629,0.02564765,0.026603732,0.024814144,0.026407653,0.029190302,0.02470129,0.036856018,doc_00583
0.06815428,0.032530338,0.37798017,0.034281287,0.16462682,0.03216338,0.03265378,0.030990884,0.032856572,0.029006736,0.03480607,0.029587096,0.02909277,0.028732933,0.042536832,doc_00584
0.23982413,0.23593818,0.039726846,0.04190723,0.040075548,0.037874155,0.036599655,0.03563035,0.040164378,0.043351408,0.03918584,0.03416752,0.042439394,0.043627642,0.049487695,doc_00585
0.45925447,0.021268664,0.045888573,0.08570412,0.03648227,0.023439467,0.026186727,0.028211579,0.066575035,0.034160182,0.05645062,0.023321202,0.024509296,0.030812507,0.037735276,doc_00586
0.29593533,0.032578785,0.2968175,0.04104877,0.031221202,0.020726666,0.019801302,0.026497602,0.022767242,0.050871417,0.03438022,0.021386264,0.027029254,0.039301574,0.03963689,doc_00587
0.0876796,0.045897305,0.1110903,0.08854929,0.09736974,0.06949225,0.06372442,0.07655486,0.048037857,0.041442428,0.038165547,0.03893949,0.05197202,0.08074161,0.06034324,doc_00588
0.07535217,0.08471849,0.05377799,0.057615265,0.07068764,0.07063141,0.067833,0.05158432,0.08788486,0.061844654,0.0459989,0.060966767,0.092912905,0.05436802,0.0638236,doc_00589
0.119525984,0.052168775,0.049850184,0.04815441,0.12578128,0.082036845,0.06845361,0.041382838,0.07797117,0.052184246,0.048416328,0.032201968,0.0960604,0.04646356,0.059348416,doc_00590
0.08187796,0.18622258,0.04024398,0.046381716,0.033194996,0.1150091,0.090700544,0.048114244,0.04269235,0.09064862,0.038633395,0.04076664,0.03873127,0.044641156,0.062141523,doc_00591
0.077174835,0.045863383,0.12650058,0.09110865,0.049141087,0.07469226,0.06908824,0.08418498,0.06719574,0.055527214,0.04807227,0.050459925,0.047070652,0.05222424,0.061695956,doc_00592
0.43063033,0.054248083,0.040307872,0.04348805,0.029506322,0.046855822,0.04232221,0.03353252,0.03824643,0.034563277,0.03906477,0.04300271,0.039956417,0.03946114,0.04481398,doc_00593
0.5305549,0.02270558,0.03824029,0.06677081,0.021920484,0.024367379,0.023459425,0.034680206,0.039630305,0.04208195,0.039054416,0.027142357,0.02781835,0.024885265,0.03668828,doc_00594
0.25251973,0.028889436,0.043018315,0.2541484,0.031155761,0.030204868,0.030350266,0.04499854,0.027928188,0.06765565,0.03141458,0.02428909,0.032699414,0.055292297,0.045435444,doc_00595
0.08307573,0.064926006,0.08075247,0.050295506,0.035106275,0.03489232,0.035063382,0.037993327,0.23719607,0.05216916,0.040665857,0.043808777,0.11576637,0.033410147,0.054878607,doc_00596
0.08893889,0.038802948,0.050153773,0.04941607,0.08990679,0.033601344,0.03634802,0.07356424,0.04134238,0.13006115,0.10143322,0.03233133,0.039540347,0.13732967,0.057229783,doc_00597
0.0720992,0.058812544,0.06890822,0.044270735,0.033733882,0.035981707,0.03668589,0.03669838,0.084666,0.14945857,0.06094664,0.038834643,0.09666533,0.12562293,0.056615327,doc_00598
0.06345991,0.15535223,0.05199554,0.06475415,0.060202744,0.05998138,0.060797505,0.051945046,0.06676859,0.061284687,0.056687646,0.06257708,0.051800095,0.06962053,0.06277285,doc_00599
0.5005438,0.064497,0.044813566,0.066248685,0.026294587,0.02157822,0.020162845,0.027108194,0.030514162,0.026550286,0.033938076,0.036635414,0.033087716,0.031888086,0.03613941,doc_00600
0.07825175,0.03745478,0.039720464,0.03715388,0.42498246,0.037832253,0.03628679,0.042604007,0.036101345,0.037470542,0.036135748,0.033161722,0.03883066,0.038050584,0.045963053,doc_00601
0.20969942,0.41479588,0.029980676,0.029860476,0.034182623,0.03095719,0.028383883,0.024628293,0.025199335,0.028282698,0.035186097,0.022770345,0.025149321,0.025330925,0.035592906,doc_00602
0.2564153,0.046823774,0.023886524,0.04494854,0.021228714,0.02250406,0.022212155,0.020822939,0.3682731,0.024571396,0.028072791,0.031829454,0.029096518,0.023256984,0.036057703,doc_00603
0.25363785,0.046206903,0.031020185,0.03728902,0.23997562,0.035714976,0.03360252,0.030930901,0.043099273,0.03500478,0.036907606,0.028855553,0.06241002,0.038545273,0.04679954,doc_00604
0.17926706,0.026565941,0.03020019,0.14468525,0.02446364,0.027755737,0.027579097,0.028750442,0.27310458,0.027427102,0.029952534,0.06555174,0.042385843,0.028757764,0.043553017,doc_00605
0.4284055,0.106733546,0.036537036,0.038004342,0.046497777,0.03895497,0.03297961,0.04558523,0.032399908,0.034035966,0.023393597,0.021534387,0.053894043,0.028033847,0.033010196,doc_00606
0.11879649,0.031003738,0.030988874,0.03628294,0.119326815,0.104839355,0.0837035,0.16463664,0.09377327,0.02879294,0.028859815,0.03078156,0.04432393,0.03329285,0.050597254,doc_00607
0.47090957,0.049187105,0.035896704,0.040541515,0.036999445,0.033529986,0.029887514,0.043319363,0.026791623,0.043051835,0.03877934,0.045153372,0.03604777,0.02863762,0.041267265,doc_00608
0.25858194,0.27014294,0.04170705,0.03506424,0.034904066,0.03180431,0.030677611,0.03605076,0.033128824,0.04578047,0.036857925,0.03191257,0.028800493,0.040447656,0.044139165,doc_00609
0.12025691,0.0495496,0.045543782,0.09067357,0.06977672,0.062380947,0.058404412,0.05315098,0.070062414,0.05466672,0.06310071,0.04725191,0.08378986,0.06797597,0.063415565,doc_00610
0.33792475,0.030776123,0.027030988,0.034710422,0.06279103,0.05400085,0.046006687,0.06255419,0.0338918,0.037264314,0.02703581,0.059641805,0.093240194,0.049053393,0.0440777,doc_00611
0.1773656,0.022269366,0.049330615,0.19778378,0.02241438,0.019718966,0.019741539,0.23766339,0.021230588,0.056688063,0.0244964,0.023967473,0.03777049,0.044699013,0.044860363,doc_00612
0.30669028,0.29532972,0.040720534,0.036260728,0.03522258,0.0252059,0.023563122,0.028974747,0.027860153,0.023348184,0.028807674,0.03504656,0.029513339,0.026456246,0.037000295,doc_00613
0.44993567,0.06473963,0.06008855,0.05148686,0.08967514,0.02549089,0.026076512,0.030252347,0.031720944,0.023275618,0.026602525,0.025951425,0.024773398,0.029032154,0.04089831,doc_00614
0.42405266,0.06437338,0.041330926,0.042543605,0.030544722,0.032760687,0.031767223,0.034973048,0.04351318,0.035825778,0.038990684,0.044461746,0.04727996,0.04264111,0.04494116,doc_00615
0.44896713,0.08679789,0.05683987,0.06172492,0.032333817,0.030606711,0.02781837,0.036142398,0.02578754,0.04062577,0.028196795,0.028526548,0.02928274,0.026508039,0.039841477,doc_00616
0.040612698,0.026839705,0.03273909,0.044579655,0.022059577,0.025231346,0.025190096,0.024502033,0.3872806,0.028949842,0.03094823,0.033446066,0.21457393,0.0253614,0.037685648,doc_00617
0.29240793,0.031450756,0.04010944,0.036744386,0.259826,0.032289878,0.031640112,0.045770675,0.030053804,0.03391504,0.026248585,0.027188024,0.03678156,0.031885523,0.043688305,doc_00618
0.37270695,0.07273911,0.04206155,0.03046613,0.09473525,0.03767898,0.030995723,0.03493967,0.029212432,0.027821885,0.029603908,0.047085837,0.04206565,0.06247153,0.045415383,doc_00619
0.1346076,0.13381384,0.041238118,0.07236078,0.041496854,0.04954123,0.041443605,0.04442649,0.14918469,0.03781765,0.049279835,0.048057936,0.048118543,0.05060655,0.058006298,doc_00620
0.607124,0.019080034,0.04374051,0.059462108,0.024954835,0.015948553,0.016868688,0.023785042,0.026048211,0.05036077,0.0429783,0.012699211,0.014858833,0.016214471,0.025876425,doc_00621
0.1862584,0.043797046,0.03921953,0.041862264,0.034344755,0.038378645,0.03737446,0.085235216,0.04023413,0.053088926,0.04047312,0.047594175,0.115032,0.14270143,0.05440596,doc_00622
0.19144392,0.30489668,0.032972373,0.04010766,0.035336807,0.03777637,0.035535213,0.044177137,0.043021537,0.04808509,0.037233826,0.03245615,0.030287044,0.039464153,0.047205985,doc_00623
0.05327418,0.04499546,0.055179786,0.05547203,0.06360951,0.08672638,0.078456186,0.087568946,0.081401154,0.08566888,0.07854415,0.049474988,0.065128975,0.051488563,0.063010775,doc_00624
0.08327976,0.05474844,0.069597855,0.05784841,0.07964081,0.05452548,0.052957483,0.069429465,0.04540786,0.10026925,0.05419447,0.07865597,0.05299573,0.08181343,0.06463558,doc_00625
0.105415635,0.039648876,0.067894466,0.05063256,0.16927607,0.040465448,0.039451532,0.04564001,0.039708454,0.049899347,0.048490357,0.04357569,0.040484577,0.16261467,0.056802273,doc_00626
0.2746343,0.03591091,0.04072141,0.042373594,0.0383307,0.0395617,0.03761195,0.2001471,0.038283724,0.03893834,0.032971006,0.044193827,0.045777004,0.041147094,0.049397327,doc_00627
0.096431285,0.06057933,0.03396412,0.043120783,0.035626654,0.09814821,0.09318507,0.037976295,0.03944793,0.032946534,0.040686555,0.20877111,0.093158066,0.03254109,0.053416938,doc_00628
0.15184334,0.07653209,0.055153035,0.053294078,0.14928441,0.06942608,0.047933,0.08093319,0.044849545,0.03748175,0.040704757,0.040428177,0.05086682,0.044576973,0.056692768,doc_00629
0.41024417,0.04081579,0.07729289,0.060720168,0.030758316,0.028933352,0.028521812,0.035106152,0.04007567,0.047642216,0.034871716,0.03749514,0.041121077,0.04076615,0.045635372,doc_00630
0.19556944,0.03796292,0.04718878,0.12243013,0.047597665,0.039174367,0.038078472,0.09287844,0.041836847,0.10951735,0.046635617,0.0466558,0.03923373,0.03956768,0.055672724,doc_00631
0.5257736,0.024128092,0.037882667,0.070237145,0.021976845,0.0193882,0.019079603,0.037993792,0.0261059,0.06588661,0.03151935,0.01948259,0.027746206,0.03794626,0.034853145,doc_00632
0.48500323,0.038434844,0.028906127,0.0751136,0.029236035,0.025234416,0.024516318,0.03363506,0.04542623,0.031809516,0.04996446,0.024202323,0.030351333,0.034002785,0.04416374,doc_00633
0.034540657,0.08057183,0.023280103,0.02352981,0.019528188,0.028821884,0.027736226,0.018131278,0.49568716,0.028230341,0.02710063,0.060675662,0.06698506,0.029519161,0.035662018,doc_00634
0.052909978,0.043877997,0.03952479,0.21672525,0.03910197,0.04286395,0.043731898,0.040913973,0.19918968,0.045554534,0.04634181,0.0464512,0.046911106,0.042210292,0.05369161,doc_00635
0.08238865,0.047369834,0.0837641,0.109178126,0.0710341,0.05485983,0.052963436,0.06175228,0.08617883,0.050271504,0.056909595,0.08544967,0.047116857,0.047941644,0.06282152,doc_00636
0.46582457,0.023482284,0.03862984,0.09817498,0.03576115,0.019029127,0.019863516,0.035395917,0.05496274,0.04519409,0.06283658,0.018673131,0.022920664,0.022418937,0.036832478,doc_00637
0.10190575,0.043102212,0.035811607,0.03307583,0.035643943,0.10041091,0.037868902,0.03237598,0.10048593,0.034043003,0.13492323,0.17144345,0.047136817,0.040028706,0.05174375,doc_00638
0.5798853,0.040204175,0.035957605,0.04994747,0.02961488,0.016826553,0.017619766,0.035763513,0.02525855,0.0357352,0.03449021,0.01803546,0.02556528,0.020734817,0.034361187,doc_00639
0.076606095,0.10916449,0.06186624,0.10104248,0.102129504,0.038808297,0.037189566,0.06425418,0.043590795,0.0368202,0.043090787,0.03625267,0.10617057,0.08259275,0.060421333,doc_00640
0.046801753,0.056304146,0.046825454,0.045165792,0.04969505,0.068773784,0.061039522,0.050060872,0.05698071,0.043839637,0.05087192,0.042091835,0.05109116,0.270788,0.05967031,doc_00641
0.1336075,0.02898701,0.030041495,0.079596,0.026909616,0.028763557,0.029656684,0.029348522,0.39674577,0.035825316,0.035461467,0.03228347,0.040053647,0.029247813,0.04347209,doc_00642
0.086788766,0.04801272,0.15348846,0.08046993,0.074893154,0.07204503,0.069594376,0.06302052,0.046915457,0.05190413,0.045771126,0.04711274,0.04758347,0.050120547,0.062279616,doc_00643
0.24233437,0.023324735,0.39842707,0.035107967,0.03569768,0.02435001,0.024036782,0.024951875,0.025970172,0.032377183,0.022801645,0.02395384,0.025351433,0.026346132,0.034969117,doc_00644
0.40695605,0.10024918,0.03427617,0.042701267,0.035101186,0.036205173,0.032517385,0.03346645,0.029641777,0.040168617,0.057666413,0.039644424,0.04000149,0.02844228,0.04296215,doc_00645
0.097231545,0.03456045,0.036528386,0.04933211,0.037828736,0.064704254,0.05740038,0.040525857,0.15446295,0.042264372,0.046238605,0.13334478,0.111664265,0.037041932,0.0568714,doc_00646
0.17495233,0.21670327,0.017416673,0.026787773,0.027652023,0.021099545,0.019112658,0.02102926,0.024128921,0.01962587,0.021677636,0.025952218,0.32000887,0.028696932,0.035155997,doc_00647
0.43096155,0.15771204,0.03827858,0.037795275,0.02664369,0.023805717,0.023317087,0.038889542,0.029013705,0.04127579,0.036602065,0.026859911,0.02349106,0.031568542,0.033785455,doc_00648
0.24319908,0.28946903,0.028251791,0.03731126,0.02826067,0.038710505,0.035367016,0.034213603,0.03964212,0.033349734,0.033426605,0.04398452,0.036908496,0.03409962,0.043805923,doc_00649
0.07443018,0.04776133,0.046687976,0.10752265,0.04825074,0.04904459,0.05112691,0.052409902,0.11251674,0.093633,0.10105274,0.049968593,0.046634052,0.056415863,0.06254475,doc_00650
0.12522584,0.11621558,0.03215686,0.18327473,0.03320034,0.043284565,0.06558956,0.03547065,0.09270169,0.038670737,0.038199756,0.06384597,0.046193615,0.03153415,0.05443595,doc_00651
0.21403444,0.3051555,0.021880433,0.02682163,0.043008506,0.034096945,0.02980931,0.02915887,0.026320085,0.020570649,0.020019626,0.022268014,0.14219566,0.02605891,0.038601466,doc_00652
0.073454425,0.058972582,0.055622447,0.06901936,0.0741871,0.07045991,0.07171488,0.0640261,0.06355771,0.058810264,0.061203174,0.05424157,0.1032279,0.056743555,0.064759,doc_00653
0.032010064,0.17432918,0.025145233,0.024810826,0.13092676,0.027448209,0.026670163,0.02870694,0.032659125,0.027841989,0.031522803,0.143689,0.03086485,0.21737677,0.04599802,doc_00654
0.08364612,0.0892481,0.059805688,0.06705091,0.07809044,0.059200007,0.050515838,0.042111225,0.07660604,0.06867893,0.049866837,0.07325467,0.07868285,0.060157306,0.06308504,doc_00655
0.08797843,0.077294014,0.035906777,0.03801258,0.14943805,0.04154929,0.03828267,0.039101023,0.072225526,0.04264417,0.045650486,0.038958073,0.15469071,0.081083,0.05718518,doc_00656
0.1130964,0.09805484,0.12271792,0.03824525,0.12205342,0.08451111,0.046562783,0.08154077,0.036554925,0.050396007,0.038772184,0.038294427,0.040282734,0.032751378,0.056165855,doc_00657
0.1547242,0.03583813,0.093416885,0.048689917,0.2046265,0.03581392,0.033314027,0.09752428,0.03513989,0.037649635,0.03450628,0.032453373,0.059782784,0.042424414,0.054095827,doc_00658
0.2486562,0.22919166,0.04071503,0.038578082,0.035133164,0.038089495,0.03488177,0.03976807,0.038953774,0.049183402,0.04441779,0.039917585,0.036380634,0.03612479,0.05000859,doc_00659
0.18109733,0.030457437,0.04544949,0.22347216,0.035436135,0.037692495,0.032673072,0.033125155,0.03312174,0.038169574,0.036970437,0.027409405,0.033371307,0.16338624,0.04816797,doc_00660
0.112212434,0.038464084,0.034023773,0.1033029,0.045158796,0.118556224,0.09786877,0.03382413,0.044591486,0.041280963,0.09823158,0.03887939,0.035426315,0.10021879,0.05796028,doc_00661
0.04078829,0.6120414,0.029505465,0.02608167,0.025467947,0.025242873,0.023228725,0.036783796,0.021893011,0.026323088,0.022173138,0.025156766,0.027539132,0.025138844,0.032635894,doc_00662
0.29895812,0.033085987,0.041303925,0.04560858,0.03468412,0.029157706,0.02909738,0.033068053,0.03004576,0.22069004,0.030703427,0.031662226,0.035635952,0.05827916,0.048019562,doc_00663
0.053681664,0.04912024,0.04547022,0.05687447,0.04540173,0.05217631,0.053231332,0.04859811,0.06101372,0.13814129,0.16624895,0.06224738,0.05380408,0.052890144,0.061100364,doc_00664
0.07942798,0.122926444,0.033924468,0.032869767,0.070203476,0.030160064,0.028326357,0.031962942,0.086421765,0.031414684,0.080247626,0.12904583,0.032301717,0.1579226,0.05284428,doc_00665
0.4310783,0.05397635,0.0355385,0.038918704,0.041485365,0.03510664,0.034102745,0.032775596,0.029933432,0.07422888,0.042291448,0.028108109,0.036128055,0.041530095,0.044797804,doc_00666
0.42870075,0.05953036,0.03287821,0.040426012,0.037574008,0.033963967,0.033083554,0.030930733,0.031143539,0.06991947,0.048513513,0.028450571,0.036683597,0.04340346,0.04479823,doc_00667
0.42563608,0.10020984,0.028318482,0.049069375,0.030060075,0.041333474,0.03708031,0.028404253,0.0334956,0.0562384,0.041809294,0.028046142,0.028081028,0.031727914,0.040489785,doc_00668
0.46227318,0.033807237,0.034804713,0.04091478,0.033113822,0.031977896,0.030824069,0.03736671,0.034039717,0.05630041,0.042505935,0.03751325,0.039524432,0.03883428,0.04619955,doc_00669
0.12600182,0.0325254,0.03504634,0.042155646,0.04760422,0.19187202,0.095226765,0.049078677,0.034756705,0.036168974,0.030579517,0.030391678,0.16361138,0.03470982,0.050271075,doc_00670
0.09577804,0.06754984,0.04539049,0.09424,0.059579335,0.072506875,0.06643964,0.06337378,0.09504952,0.048378628,0.046741616,0.041541707,0.056538433,0.083439656,0.06345242,doc_00671
0.08089846,0.055048265,0.06754927,0.053315274,0.13252227,0.063425235,0.058872316,0.09402005,0.0442919,0.068526305,0.05079188,0.0639442,0.05385344,0.048696477,0.06424462,doc_00672
0.048184562,0.04575256,0.04242326,0.042189732,0.07735251,0.10971574,0.092093736,0.08706181,0.05798694,0.08355293,0.045653593,0.044366695,0.1114,0.051767305,0.06049857,doc_00673
0.43639943,0.026367154,0.045377333,0.05076417,0.033477247,0.031071894,0.033600196,0.040623236,0.047509152,0.06878354,0.061757665,0.026573472,0.028613845,0.026564807,0.042516787,doc_00674
0.47920117,0.06587843,0.051111102,0.04811126,0.032103978,0.031640377,0.0303677,0.038901,0.032527465,0.03864151,0.039043244,0.027960433,0.027535383,0.026909396,0.030067507,doc_00675
0.12530579,0.23979677,0.041329745,0.02944533,0.1763216,0.038394034,0.036535293,0.033403467,0.03472498,0.030529937,0.047003865,0.04118926,0.034092795,0.043292504,0.04863466,doc_00676
0.52943474,0.05228774,0.040326234,0.052881848,0.027265208,0.024048489,0.024300791,0.05138312,0.020863185,0.03982759,0.031659514,0.020001559,0.02331446,0.02604908,0.03635644,doc_00677
0.074899666,0.1754333,0.045672618,0.048409194,0.052485503,0.06227089,0.044787027,0.063176595,0.04543609,0.04299261,0.116354056,0.074954994,0.041373406,0.051812656,0.059941374,doc_00678
0.22511935,0.03632343,0.04266652,0.20812708,0.04318057,0.032069128,0.031290803,0.13061292,0.029004106,0.037701942,0.028180834,0.03452696,0.032688614,0.040703528,0.047804236,doc_00679
0.3397325,0.031106949,0.041587196,0.035215143,0.03966814,0.030600749,0.029421309,0.026973136,0.22384709,0.028798938,0.030694006,0.036992524,0.036906593,0.026916938,0.04153888,doc_00680
0.38044485,0.054825723,0.03057232,0.048171364,0.06071814,0.04149816,0.033586998,0.03716546,0.03387782,0.034817103,0.031049049,0.02397154,0.0979915,0.04573189,0.045578066,doc_00681
0.029183162,0.039492786,0.024138417,0.025730014,0.16712324,0.035546802,0.03236139,0.026244218,0.029714955,0.025432384,0.02852779,0.029496187,0.42721182,0.039594144,0.04020269,doc_00682
0.252871,0.02555915,0.019850535,0.3085617,0.018836997,0.03595336,0.033556957,0.03196381,0.025097972,0.033809856,0.026213858,0.021589253,0.08608938,0.039976668,0.040069446,doc_00683
0.049269628,0.037344098,0.030541524,0.0438538,0.028464511,0.4292386,0.046212167,0.052709594,0.035978843,0.04651686,0.03301938,0.03058291,0.04448453,0.045198835,0.0465847,doc_00684
0.1663371,0.042521596,0.029921338,0.19612542,0.032827538,0.032619983,0.031949785,0.033843655,0.21453762,0.035462316,0.039834905,0.030721828,0.034057733,0.032257088,0.046982057,doc_00685
0.039171867,0.022904173,0.025780175,0.04619175,0.021820998,0.026292242,0.026748393,0.028495437,0.582287,0.026960121,0.028511623,0.02829285,0.037790064,0.024288118,0.034465168,doc_00686
0.06938425,0.052000545,0.04954201,0.058948174,0.048972916,0.063672625,0.06770046,0.15333459,0.053632706,0.08475012,0.05393601,0.049901117,0.07754877,0.05322051,0.06345522,doc_00687
0.1255813,0.077685334,0.043640126,0.04207578,0.028115332,0.027418923,0.02649416,0.028506372,0.116282836,0.031082166,0.03677345,0.16004044,0.029450906,0.17781703,0.04903584,doc_00688
0.08480329,0.038499784,0.037025407,0.036532767,0.08283126,0.040999908,0.03913685,0.036458403,0.035338465,0.042721048,0.046483826,0.17483456,0.04263782,0.20786153,0.053834993,doc_00689
0.08594091,0.03970253,0.07441123,0.20082676,0.054400783,0.042650826,0.042162552,0.07437331,0.084137365,0.045413796,0.057849515,0.052598406,0.03714963,0.050607845,0.05777456,doc_00690
0.14214823,0.046064574,0.04468962,0.04642369,0.035339843,0.08238431,0.08581424,0.041105524,0.13791457,0.04720053,0.091638274,0.051442537,0.042523272,0.046798002,0.058512736,doc_00691
0.22011095,0.14306545,0.041893117,0.034831256,0.048710804,0.09522079,0.08199684,0.039061014,0.038880758,0.039652277,0.045868974,0.03571891,0.042724214,0.040253535,0.052011117,doc_00692
0.3833732,0.037200756,0.07381942,0.05975239,0.047579825,0.041276928,0.037058756,0.052537203,0.041392714,0.044260267,0.029066717,0.024710597,0.03870745,0.050405037,0.038858797,doc_00693
0.059616983,0.05396013,0.101820834,0.07631707,0.09021502,0.055542342,0.05377201,0.06840952,0.058336973,0.080068074,0.053315412,0.07642062,0.055878855,0.05318823,0.063137926,doc_00694
0.03542677,0.029027307,0.03238695,0.033972856,0.03618647,0.028713085,0.028085977,0.032817435,0.028049074,0.03879534,0.029970547,0.029784804,0.33913133,0.23524764,0.04240444,doc_00695
0.2030141,0.035965446,0.03287412,0.033323057,0.038275942,0.19444256,0.10876089,0.041111186,0.03612482,0.050881963,0.03406247,0.029952621,0.06890573,0.041509762,0.05079528,doc_00696
0.062664315,0.07617127,0.061103914,0.06306417,0.06140596,0.07692215,0.071610324,0.057867114,0.06033314,0.06468377,0.06864142,0.07035403,0.07383414,0.06521143,0.06613284,doc_00697
0.14414206,0.02629826,0.026603803,0.03060387,0.019530762,0.14692819,0.11645876,0.1582995,0.032293983,0.16078725,0.027034046,0.026252704,0.021999596,0.020343166,0.04242402,doc_00698
0.20798467,0.026371287,0.2597254,0.17767367,0.034247946,0.02754609,0.027440647,0.028164085,0.031910427,0.035989154,0.030864308,0.022529868,0.023653075,0.025146719,0.04075259,doc_00699
0.05995841,0.057000577,0.062201947,0.08745769,0.05105278,0.059374608,0.056617424,0.051704884,0.052057993,0.05086284,0.07045838,0.17429918,0.055020545,0.0499626,0.06197015,doc_00700
0.102077834,0.19872433,0.04886771,0.13924375,0.036834415,0.04475392,0.042137302,0.0540352,0.039969273,0.042779166,0.045239475,0.037663456,0.040081512,0.07082572,0.056766976,doc_00701
0.09944713,0.09704823,0.09213112,0.04300727,0.09357427,0.042293373,0.04122405,0.0816794,0.036750536,0.053650327,0.04920074,0.105196424,0.05247456,0.050946098,0.061376493,doc_00702
0.024740275,0.01893654,0.01938453,0.023461338,0.014418917,0.39532408,0.2898738,0.042950682,0.021615706,0.048467644,0.019344926,0.015831174,0.017967785,0.017363247,0.030319367,doc_00703
0.46421584,0.03154594,0.07239806,0.06653902,0.037466753,0.02860266,0.025728974,0.032887552,0.03125974,0.03555636,0.042969506,0.027430443,0.02900959,0.03577718,0.038612384,doc_00704
0.18915634,0.038459998,0.10993613,0.17710578,0.04021794,0.037376273,0.03741861,0.048992056,0.045296673,0.042911664,0.046311907,0.03636825,0.04390894,0.052642807,0.05389662,doc_00705
0.38464496,0.031019311,0.02742892,0.034398936,0.030069072,0.06302354,0.04765009,0.058047295,0.04325762,0.048023336,0.06586995,0.04774989,0.030559978,0.042026155,0.046230942,doc_00706
0.3882319,0.027607506,0.0308663,0.042397324,0.026233764,0.028734367,0.027436703,0.04991711,0.03886228,0.13521649,0.062979676,0.018802498,0.050762337,0.032785945,0.03916583,doc_00707
0.42849228,0.036640324,0.031193336,0.061062973,0.028025549,0.03448078,0.033185583,0.072248146,0.034447975,0.042941395,0.055374656,0.031179043,0.032952227,0.03305549,0.044720244,doc_00708
0.19929798,0.052463084,0.029831188,0.03229281,0.026991397,0.043477636,0.038800213,0.30903906,0.035278074,0.03940062,0.04309534,0.032240633,0.036807004,0.034212675,0.046772286,doc_00709
0.26797354,0.027120449,0.030245116,0.028872266,0.027052311,0.034366604,0.04087436,0.28880912,0.02963811,0.045505155,0.033181798,0.027311465,0.028002987,0.045528688,0.045518037,doc_00710
0.5393167,0.015748303,0.021598132,0.05157205,0.023387443,0.015365618,0.017456558,0.03523741,0.026478965,0.09395532,0.05973967,0.014831606,0.028426146,0.028307626,0.02857843,doc_00711
0.090310596,0.1498932,0.070521034,0.07597563,0.043080907,0.06484569,0.059535313,0.050101373,0.03734466,0.079395846,0.042686097,0.03555149,0.1011999,0.04088496,0.058673333,doc_00712
0.025539525,0.65089446,0.027265212,0.026497332,0.023418289,0.024009358,0.023795398,0.023819562,0.024920912,0.023253806,0.02370277,0.024243992,0.024306728,0.024086708,0.030245943,doc_00713
0.07550414,0.20783857,0.041371357,0.042452265,0.120313555,0.057289176,0.040960357,0.045510598,0.055249654,0.043435644,0.056975905,0.05798622,0.046369284,0.0508924,0.057850935,doc_00714
0.094208695,0.05915302,0.06410489,0.06385123,0.07271444,0.061112184,0.059749313,0.09150608,0.06165456,0.07287041,0.05509364,0.048383377,0.075132065,0.056021195,0.06444491,doc_00715
0.07780092,0.058968514,0.040211774,0.040418692,0.033660904,0.12982233,0.0973733,0.10426058,0.08191635,0.14111048,0.036895372,0.032739885,0.035378195,0.03415701,0.055285703,doc_00716
0.46588936,0.03236308,0.049112923,0.046128675,0.040990543,0.035575725,0.034184106,0.031711753,0.030906795,0.04859726,0.032488488,0.038514093,0.03543515,0.03568831,0.04241376,doc_00717
0.0746325,0.05608149,0.09455746,0.062219765,0.042649187,0.09219542,0.090589926,0.08013274,0.10106766,0.051444024,0.04872177,0.045649864,0.042930838,0.054093607,0.06303373,doc_00718
0.41394022,0.06539952,0.047139253,0.05572779,0.030259648,0.04028058,0.03619662,0.03706887,0.046720356,0.030475972,0.035478074,0.0357414,0.03368565,0.047381226,0.044504862,doc_00719
0.24859352,0.051184267,0.027971728,0.03274529,0.036674418,0.25071585,0.035103846,0.03000122,0.033427056,0.03248106,0.03992319,0.041973174,0.042266574,0.051415645,0.04552321,doc_00720
0.07853395,0.09264507,0.05551816,0.064002395,0.080717176,0.074800804,0.06314331,0.05555516,0.05440525,0.055951137,0.058855575,0.06966789,0.071567066,0.0595891,0.06504803,doc_00721
0.18648127,0.035202272,0.03227352,0.22041702,0.033723425,0.0352387,0.035736352,0.13587779,0.039739396,0.04002858,0.044838525,0.03871816,0.031535268,0.04098416,0.049205635,doc_00722
0.037376553,0.0561412,0.018771408,0.025262205,0.022867449,0.024432717,0.02119486,0.016521033,0.2602451,0.027070265,0.046791118,0.34385076,0.022326404,0.04293374,0.03421519,doc_00723
0.15506805,0.13468848,0.11430937,0.049493242,0.16862741,0.03720627,0.03753828,0.042053025,0.03784241,0.033220656,0.031043543,0.03193295,0.038682267,0.036249977,0.052043952,doc_00724
0.45218134,0.02592996,0.042507008,0.053703625,0.024675936,0.03966597,0.03664027,0.053125005,0.03967909,0.047538985,0.04512983,0.03844638,0.03129577,0.031674113,0.03780674,doc_00725
0.22810261,0.030639699,0.027688468,0.028813723,0.024163956,0.029069282,0.026299719,0.025267115,0.028229054,0.021276016,0.032157835,0.41490027,0.024214197,0.023888573,0.035289403,doc_00726
0.13141519,0.040270373,0.099757664,0.13031606,0.09475461,0.03657603,0.037022762,0.095316224,0.04308241,0.05539788,0.049003348,0.033990677,0.046468955,0.050228495,0.056399323,doc_00727
0.32727668,0.0112396795,0.017538296,0.4250653,0.012626108,0.0100630205,0.0107857045,0.04519062,0.017826024,0.03034355,0.01851256,0.01232566,0.014872097,0.014361046,0.03197375,doc_00728
0.40669996,0.07451615,0.049127616,0.05077756,0.03866117,0.03966617,0.04235651,0.040777925,0.038433526,0.037471414,0.038965132,0.037402,0.028037995,0.03244065,0.04466623,doc_00729
0.4108597,0.06183512,0.034050927,0.051428653,0.02691656,0.05137458,0.043239992,0.06187143,0.040162344,0.048863076,0.037550908,0.028553972,0.027651299,0.032839384,0.04280202,doc_00730
0.042553578,0.024667062,0.036774583,0.04794501,0.022602454,0.034878507,0.03561949,0.02880752,0.034175646,0.5469837,0.043935407,0.02022428,0.021546802,0.024109436,0.03517655,doc_00731
0.055073608,0.0464429,0.040243205,0.06907786,0.08134663,0.07769455,0.07262503,0.0869277,0.055117145,0.043746714,0.040116165,0.03941626,0.15380707,0.07868415,0.059680957,doc_00732
0.20409572,0.23961481,0.22597499,0.023945114,0.039005592,0.029242104,0.028248101,0.02861155,0.022840118,0.025896186,0.027437057,0.019971872,0.024467878,0.022185616,0.03846322,doc_00733
0.07073995,0.08492501,0.053908423,0.046878032,0.16320258,0.07098852,0.064496554,0.07741858,0.06282474,0.04345783,0.047301173,0.046612598,0.0435721,0.06352908,0.060144804,doc_00734
0.27036715,0.036872394,0.03303834,0.032986324,0.03253193,0.026211767,0.024995444,0.03363974,0.025628952,0.03018566,0.017789485,0.01402466,0.34770572,0.04394816,0.03007433,doc_00735
0.038517408,0.034424663,0.051211674,0.037489876,0.051584043,0.07236402,0.07495738,0.114685275,0.090905346,0.121667676,0.045980856,0.034267977,0.049331363,0.12645271,0.056159806,doc_00736
0.09857813,0.030920634,0.030774325,0.03699215,0.034823004,0.036022555,0.037192225,0.11710048,0.04172949,0.1813666,0.03728984,0.03148977,0.05916474,0.17560749,0.05094851,doc_00737
0.091388874,0.047052704,0.044654697,0.077608615,0.10047013,0.051003333,0.050599992,0.07385333,0.09021562,0.043745037,0.044078134,0.04372357,0.09915988,0.079991005,0.06245512,doc_00738
0.08253098,0.05402446,0.0490902,0.1167725,0.042264856,0.07332326,0.045956254,0.04570803,0.116486214,0.048870374,0.047123514,0.07727762,0.08227182,0.05670881,0.06159116,doc_00739
0.10293063,0.07390511,0.042349126,0.081108145,0.048375938,0.04183219,0.04081216,0.06821527,0.073455416,0.043681066,0.038676705,0.05005334,0.151513,0.08325084,0.059841096,doc_00740
0.44349784,0.049034037,0.041334994,0.059567425,0.028050886,0.038493227,0.036335763,0.04785092,0.037543442,0.044191666,0.040606987,0.027103096,0.027387237,0.03795987,0.041042637,doc_00741
0.43738693,0.04682001,0.051089745,0.053021245,0.029211165,0.04546028,0.039196856,0.04028249,0.040762063,0.042615574,0.034474082,0.024182055,0.030515388,0.041893948,0.043088153,doc_00742
0.5140292,0.03043567,0.036531474,0.0663723,0.022589715,0.021711627,0.022294048,0.043378662,0.029321011,0.04625869,0.026176702,0.025475668,0.043614525,0.032387465,0.03942326,doc_00743
0.065016046,0.05700227,0.065773256,0.069304794,0.066798374,0.056130473,0.05608637,0.100858435,0.05857802,0.105510615,0.052965503,0.065715656,0.064512566,0.05087501,0.06487261,doc_00744
0.059933443,0.06091322,0.063246205,0.06892829,0.056745023,0.061990004,0.061733976,0.07026072,0.09064236,0.055134047,0.07708673,0.05422773,0.05610547,0.0962541,0.066798665,doc_00745
0.21290101,0.028108615,0.036576558,0.17533152,0.03026214,0.026977688,0.028014814,0.18928851,0.02682835,0.06964904,0.028129239,0.025045255,0.03602537,0.041070603,0.045791328,doc_00746
0.59292376,0.03145742,0.027371207,0.05342516,0.029803822,0.017688902,0.018229874,0.0320048,0.024338221,0.03541373,0.034914333,0.018350052,0.026022267,0.023161713,0.034894727,doc_00747
0.2908477,0.03903259,0.038297,0.04033946,0.032800455,0.21526368,0.037541714,0.04164553,0.03447728,0.03716102,0.03796066,0.031731274,0.035913333,0.040295694,0.046692595,doc_00748
0.0753794,0.052572448,0.04499718,0.057974722,0.030343015,0.04649532,0.04232963,0.038544077,0.051573392,0.04512905,0.042240996,0.04238874,0.035491556,0.05211453,0.34242597,doc_00749
0.2707595,0.06394111,0.03051963,0.03188683,0.026894843,0.040943064,0.039906375,0.22740817,0.04526759,0.04818526,0.03712129,0.030948818,0.030921748,0.02809005,0.047205754,doc_00750
0.4260294,0.03521957,0.041179005,0.050937016,0.03663011,0.039903827,0.03747939,0.032398693,0.051501244,0.04810072,0.039338645,0.04676729,0.032743514,0.036202155,0.045569446,doc_00751
0.0951652,0.0723391,0.040493358,0.036614504,0.044591162,0.09346176,0.07717731,0.039554633,0.03633327,0.041296273,0.09062913,0.045035582,0.14270169,0.08556568,0.05904137,doc_00752
0.037882563,0.6261713,0.023724813,0.026542751,0.021654177,0.023349373,0.021866772,0.025472023,0.026252378,0.03256051,0.028325984,0.02267128,0.024586318,0.027372481,0.031567223,doc_00753
0.40288043,0.022178086,0.10778038,0.18962221,0.034334686,0.016802382,0.017362375,0.03046262,0.0223033,0.027859239,0.034984693,0.014926585,0.017504433,0.022236506,0.038762085,doc_00754
0.2983976,0.030541591,0.035263043,0.03843118,0.029202916,0.042211417,0.039285712,0.2213256,0.04650472,0.04234467,0.032345798,0.032792393,0.033998903,0.029978512,0.04737599,doc_00755
0.05770645,0.05235302,0.056071468,0.060685907,0.049538534,0.056775,0.054799996,0.08913772,0.051759355,0.060263436,0.17048217,0.05916963,0.049419343,0.06700649,0.06483148,doc_00756
0.17204642,0.04981211,0.04091953,0.053792227,0.05131871,0.044190187,0.052540902,0.052785445,0.04180004,0.03961711,0.041504532,0.04448634,0.20180874,0.055782273,0.057595428,doc_00757
0.041395936,0.29554647,0.037442956,0.03604021,0.08650304,0.041656423,0.039852526,0.03533752,0.03959865,0.036890965,0.04075335,0.1253679,0.041926827,0.050050806,0.051636524,doc_00758
0.040517192,0.024679568,0.022819733,0.048411552,0.02386543,0.03741625,0.035669316,0.033602417,0.49346948,0.027730366,0.032422766,0.068769105,0.048097603,0.024353249,0.038175967,doc_00759
0.12161348,0.02906961,0.030089429,0.033223514,0.035769645,0.13338003,0.11063126,0.029140426,0.024328722,0.024096783,0.024604365,0.031088848,0.30463776,0.025629608,0.042696513,doc_00760
0.071932845,0.04185854,0.07408553,0.18113486,0.086473495,0.045839164,0.045943648,0.062291056,0.06245038,0.050908457,0.07799661,0.048687432,0.04112388,0.049498446,0.05977565,doc_00761
0.08502921,0.068549834,0.11249512,0.1212242,0.06165897,0.043967165,0.052317396,0.06790467,0.07341944,0.07632999,0.0465553,0.04680829,0.037428398,0.045559835,0.06075216,doc_00762
0.092672125,0.110875174,0.06443867,0.086468846,0.05210967,0.05658472,0.05759807,0.07224899,0.05600845,0.078353874,0.053634398,0.05263709,0.052480016,0.05128161,0.06260835,doc_00763
0.30769503,0.029340856,0.043019872,0.22572954,0.027894186,0.027533272,0.02738999,0.035989616,0.033078484,0.056085773,0.031457,0.039461017,0.040390734,0.029960768,0.04497386,doc_00764
0.104567274,0.13248813,0.02727778,0.024413753,0.18068479,0.028074846,0.026066437,0.028579345,0.026524372,0.02425159,0.032535627,0.15047017,0.029919948,0.13893388,0.04521208,doc_00765
0.47952193,0.040283155,0.033464693,0.05952346,0.028070588,0.028721781,0.026355302,0.051935636,0.03503375,0.041934583,0.037760433,0.02406168,0.043915898,0.028289704,0.04112733,doc_00766
0.04866758,0.114380255,0.03359454,0.043427713,0.03977783,0.13707955,0.099383354,0.0371912,0.033974897,0.0383282,0.034719843,0.032803793,0.21171391,0.042471398,0.05248599,doc_00767
0.074959666,0.07347726,0.057471763,0.058238603,0.06536033,0.083148755,0.0761644,0.05479372,0.06108859,0.05140642,0.08073275,0.078762926,0.055739492,0.06358469,0.06507062,doc_00768
0.4858223,0.043156207,0.034554113,0.075349435,0.022954546,0.022128953,0.021172518,0.059626047,0.026434489,0.03313081,0.04953125,0.023165159,0.038557652,0.031129202,0.033287324,doc_00769
0.2679487,0.03504627,0.053926975,0.052209776,0.24919423,0.03205645,0.030069854,0.03746259,0.029061263,0.03429217,0.033011604,0.026769236,0.031202238,0.04305267,0.04469603,doc_00770
0.083071925,0.027454624,0.02759673,0.03406445,0.0272696,0.029572604,0.02990118,0.031235693,0.029776733,0.496169,0.060455725,0.026280701,0.031964675,0.025912374,0.039273974,doc_00771
0.055876102,0.022586472,0.03306747,0.032203875,0.042595543,0.03345401,0.02829797,0.04384992,0.020181805,0.030953912,0.03155543,0.022861926,0.5254218,0.039144002,0.03794975,doc_00772
0.07778825,0.07511518,0.059821356,0.06816133,0.07935848,0.05783773,0.055311095,0.06381174,0.063048296,0.091460034,0.07794391,0.054826315,0.051374365,0.060315203,0.063826725,doc_00773
0.03271519,0.23406446,0.030680608,0.025765294,0.33803645,0.036469813,0.03435218,0.03142211,0.024842685,0.028857807,0.025570078,0.025438678,0.055394802,0.035473824,0.04091602,doc_00774
0.51225436,0.038895868,0.046815466,0.052297972,0.033842903,0.027779093,0.027176756,0.03384059,0.027910113,0.035933875,0.027945131,0.037545953,0.02778571,0.030032815,0.039943416,doc_00775
0.17531355,0.023641702,0.030682452,0.04622272,0.021485297,0.03022892,0.030973183,0.025970029,0.32684,0.03194663,0.03046051,0.048923705,0.10654347,0.029429259,0.04133859,doc_00776
0.12538344,0.20723917,0.039309457,0.045894828,0.041827247,0.08446303,0.06724531,0.04078059,0.041281074,0.08755921,0.045301493,0.037710626,0.042585485,0.03839369,0.05502536,doc_00777
0.5713356,0.016175218,0.02542434,0.078015074,0.019436583,0.014482685,0.01649851,0.036603507,0.03482534,0.06555746,0.053984888,0.010390581,0.0137192365,0.019379253,0.024171727,doc_00778
0.06357104,0.03482487,0.034818105,0.16666196,0.03624418,0.03549298,0.03616519,0.037953712,0.20291312,0.04122092,0.047701634,0.12277548,0.043552224,0.042201556,0.053903025,doc_00779
0.44376373,0.06995545,0.030312043,0.056001134,0.030363983,0.031442467,0.030748874,0.03249686,0.03886353,0.053078204,0.042309828,0.037324782,0.032816704,0.030174607,0.040347803,doc_00780
0.51302975,0.022784041,0.03814908,0.054196283,0.028252581,0.030287432,0.028472815,0.039708003,0.04575235,0.0435482,0.033282004,0.031938817,0.028035214,0.025292149,0.037271276,doc_00781
0.10299649,0.038119946,0.066325106,0.11321352,0.037500367,0.037658278,0.036467317,0.08510584,0.078513354,0.03910609,0.046746034,0.031637885,0.109812975,0.11790846,0.058888365,doc_00782
0.33004624,0.02546738,0.029544262,0.29534933,0.022184886,0.026279002,0.024956154,0.027097676,0.027649285,0.039825384,0.031034969,0.029970363,0.027624292,0.026194537,0.03677625,doc_00783
0.31172982,0.02242956,0.04990687,0.3065765,0.028818829,0.018811313,0.01907095,0.028841706,0.024848912,0.0425905,0.030232854,0.021776708,0.02280889,0.03227465,0.0392819,doc_00784
0.17910786,0.02358697,0.026789298,0.28609207,0.022272024,0.023090016,0.022941375,0.025554527,0.20738374,0.02575703,0.03389232,0.026762819,0.03342956,0.024631085,0.038709313,doc_00785
0.09729754,0.043675207,0.04373298,0.087923,0.06642576,0.089148834,0.080043964,0.111382134,0.0646549,0.058374524,0.04230446,0.0357999,0.053471595,0.06560451,0.060160648,doc_00786
0.25742432,0.064773396,0.030374086,0.039876953,0.25924766,0.03161459,0.02717292,0.028232852,0.031822424,0.02466129,0.035069074,0.048184957,0.04433552,0.03457425,0.04263561,doc_00787
0.4573629,0.047457453,0.03415041,0.048364494,0.027667824,0.03766927,0.03277759,0.034269527,0.040010326,0.040300783,0.04529593,0.036594667,0.033124622,0.042211615,0.042742513,doc_00788
0.06150292,0.061484713,0.06174307,0.061538953,0.061899956,0.077431574,0.117156774,0.06173339,0.06164756,0.062404003,0.061663873,0.061534792,0.061434805,0.061495412,0.065328166,doc_00789
0.12379292,0.03862271,0.1396936,0.048681505,0.1434233,0.030809537,0.031193806,0.104761936,0.034942888,0.05041529,0.034645513,0.029869648,0.04749259,0.089936,0.051718764,doc_00790
0.071165994,0.09797293,0.04062503,0.042609047,0.0657835,0.06715021,0.06237915,0.08438883,0.06521222,0.042659353,0.045345817,0.13305083,0.04378969,0.075338095,0.06252935,doc_00791
0.064926066,0.09695465,0.044982743,0.04127045,0.0919226,0.09138058,0.079904795,0.07416638,0.04199438,0.047860347,0.07034605,0.045159142,0.066306904,0.08020927,0.062615715,doc_00792
0.17178056,0.035083424,0.042724174,0.043145612,0.17274743,0.030313132,0.028963534,0.031117028,0.031327046,0.03739353,0.041610796,0.034979124,0.02867673,0.22243473,0.047703147,doc_00793
0.2097097,0.17065766,0.03783686,0.045864183,0.029259786,0.032498613,0.027991936,0.03060668,0.032331042,0.03536468,0.045509815,0.039754674,0.029161483,0.18484147,0.048611417,doc_00794
0.16429852,0.043177657,0.051627394,0.13042171,0.045968417,0.07483544,0.036835775,0.16465545,0.040393207,0.040758204,0.037155163,0.03221748,0.050919592,0.034214154,0.052521825,doc_00795
0.18309313,0.19582443,0.039116398,0.043132562,0.031404864,0.13393264,0.0664515,0.03781896,0.03709101,0.03618834,0.03891667,0.033246595,0.03146342,0.038552202,0.053767186,doc_00796
0.118156604,0.072334304,0.046052583,0.17668691,0.04166428,0.08861907,0.0722718,0.03704526,0.04455805,0.037638463,0.033222638,0.03536611,0.04072969,0.09909704,0.056557164,doc_00797
0.041033953,0.51337564,0.02656458,0.035704244,0.028067853,0.041702706,0.03698311,0.034785748,0.02901033,0.031050535,0.028957203,0.030611655,0.054286294,0.02859418,0.039271917,doc_00798
0.08308922,0.042474896,0.10476468,0.16075799,0.04681697,0.043235123,0.043889772,0.0649254,0.07368682,0.04648841,0.081233665,0.05882605,0.043664824,0.04644353,0.059702586,doc_00799
0.171008,0.043379396,0.040100873,0.09593142,0.03612839,0.035893947,0.036310654,0.03857321,0.13034207,0.037353132,0.04453771,0.04266715,0.15974188,0.03575805,0.0522741,doc_00800
0.18524404,0.02657567,0.030859105,0.043314323,0.026913539,0.12583797,0.032973338,0.23337871,0.033876143,0.035875622,0.08173266,0.035521764,0.029785197,0.031073947,0.04703799,doc_00801
0.39878014,0.037780035,0.070441306,0.05096698,0.029670186,0.03248345,0.03040125,0.04883862,0.041705042,0.041811254,0.04509511,0.042209353,0.02841533,0.051363222,0.050038774,doc_00802
0.06161175,0.099457026,0.073992364,0.047597304,0.1491324,0.06778338,0.064038254,0.061463628,0.053551868,0.05327036,0.051619146,0.06013983,0.044510778,0.05030334,0.061528604,doc_00803
0.6194606,0.02702237,0.039755933,0.06682095,0.016041825,0.015499176,0.014858739,0.027235724,0.033728853,0.030640783,0.03804577,0.013120266,0.01665961,0.014411517,0.026697917,doc_00804
0.5194282,0.025761753,0.065147795,0.04501915,0.034200277,0.025031237,0.023531664,0.026294874,0.03312117,0.043308448,0.05042057,0.027911577,0.02442708,0.022824213,0.033572048,doc_00805
0.503266,0.031175239,0.04965393,0.059652217,0.026495503,0.021842483,0.022381308,0.030028233,0.025261343,0.069002174,0.041997135,0.024550222,0.027219443,0.02937584,0.038098946,doc_00806
0.46359244,0.03067576,0.030087525,0.043170646,0.026195897,0.022209363,0.0242517,0.039148774,0.029018808,0.088733256,0.07620299,0.021290349,0.031071475,0.033414025,0.040937044,doc_00807
0.46936306,0.029458735,0.02729246,0.044023156,0.041548233,0.03989291,0.03827572,0.035628334,0.037240945,0.045878965,0.06103545,0.034166787,0.027910855,0.027240124,0.0410443,doc_00808
0.0262031,0.028095141,0.024724012,0.03156397,0.028194424,0.028605433,0.027937034,0.025163073,0.027363468,0.024934664,0.02684466,0.025993789,0.27411753,0.36246923,0.037790522,doc_00809
0.09398143,0.11232509,0.040485457,0.08294863,0.058848254,0.08894326,0.06813821,0.09388261,0.04015332,0.041943703,0.038964976,0.036109593,0.03797256,0.10594862,0.05935431,doc_00810
0.053665627,0.24678172,0.050692808,0.054124486,0.05120893,0.05366225,0.0496592,0.05143911,0.052119933,0.051060755,0.058628403,0.051260795,0.053102255,0.06312077,0.059473008,doc_00811
0.08860475,0.05472306,0.07418948,0.10139711,0.06932176,0.06759539,0.06416072,0.05557486,0.06356956,0.04714549,0.050412957,0.053518932,0.056168936,0.08868886,0.06492819,doc_00812
0.086648524,0.10144734,0.040676422,0.039309572,0.117235005,0.06343655,0.057778534,0.041967433,0.0432847,0.06617209,0.06748484,0.070540056,0.07949045,0.063379556,0.061148945,doc_00813
0.2680682,0.05066241,0.04578812,0.04782869,0.036906496,0.04236971,0.038015522,0.03479873,0.03465729,0.034598675,0.038616963,0.04304914,0.038199686,0.19586137,0.05057897,doc_00814
0.065989934,0.04776894,0.122813135,0.0652399,0.06937544,0.05779715,0.051146798,0.060006987,0.055370275,0.044433635,0.051724475,0.11960785,0.05808132,0.068006374,0.06263783,doc_00815
0.09723445,0.09954084,0.0463885,0.043112222,0.035949945,0.08787661,0.041174285,0.037847545,0.0368499,0.1328972,0.035827223,0.03276549,0.11546842,0.09889244,0.058174975,doc_00816
0.13631368,0.025304694,0.18603201,0.3307852,0.027030364,0.027339157,0.026492694,0.028845565,0.02986283,0.03097854,0.0361197,0.0229372,0.024128586,0.027116967,0.040712815,doc_00817
0.21677773,0.02319655,0.032134935,0.042897552,0.024674738,0.026075372,0.026490865,0.025754098,0.37734595,0.034484193,0.028850341,0.036805745,0.040142827,0.02584435,0.038524836,doc_00818
0.078762986,0.037983947,0.17817162,0.049654588,0.10721915,0.056128968,0.05329699,0.054880496,0.04466598,0.046549547,0.042918984,0.10649951,0.0388989,0.045879353,0.05848898,doc_00819
0.5209963,0.032271188,0.035135616,0.04945016,0.034087233,0.024572385,0.023940744,0.027237087,0.041481446,0.032647293,0.056855876,0.029195543,0.028910683,0.023621563,0.039596904,doc_00820
0.028853929,0.02273542,0.019370764,0.026765749,0.020742089,0.023423232,0.02412334,0.020407302,0.424165,0.029362971,0.023659902,0.034302175,0.24514331,0.022606662,0.034338046,doc_00821
0.28521672,0.04584026,0.042846683,0.04733492,0.03259405,0.039268427,0.0371177,0.04444444,0.14167072,0.042310946,0.04660745,0.03995772,0.05111585,0.05291599,0.050758168,doc_00822
0.2057596,0.044913985,0.03680679,0.038164612,0.033083826,0.18588197,0.03516571,0.15181088,0.029258078,0.035180867,0.032717124,0.029399721,0.04979625,0.040214077,0.051846556,doc_00823
0.0666294,0.4476091,0.042505365,0.030365432,0.08533743,0.034320645,0.03400548,0.032448098,0.031546827,0.03037466,0.03201113,0.029086646,0.029877482,0.031935804,0.04194655,doc_00824
0.3996979,0.042853095,0.03932802,0.06183845,0.032825753,0.04120128,0.03595372,0.037197962,0.060140282,0.032533456,0.049371768,0.030375876,0.04323266,0.044977006,0.048472766,doc_00825
0.048720233,0.322285,0.051225852,0.046139155,0.04895825,0.048134197,0.047097735,0.048334815,0.046901945,0.047231942,0.045626473,0.053730693,0.0454596,0.04615267,0.054001402,doc_00826
0.103600144,0.06021951,0.050316073,0.057538096,0.04249211,0.09411269,0.07486815,0.08084032,0.07361811,0.07140997,0.050993998,0.051349226,0.07752587,0.047136847,0.06397891,doc_00827
0.11792171,0.03446045,0.039126895,0.22866559,0.040527504,0.031649582,0.031704273,0.038908478,0.08885351,0.035044253,0.12962334,0.03659326,0.052381255,0.038993463,0.05554647,doc_00828
0.49245337,0.023333816,0.028418543,0.0789523,0.028301366,0.023487322,0.025130453,0.040514804,0.043968294,0.043031037,0.070704415,0.020466397,0.017837903,0.026590103,0.036809884,doc_00829
0.12254223,0.31143156,0.03169331,0.03071542,0.032278996,0.033060692,0.030578775,0.184781,0.0313075,0.03652303,0.03037894,0.027874101,0.027390307,0.026510946,0.042933162,doc_00830
0.3119842,0.026637634,0.02866649,0.052229594,0.027218338,0.02499729,0.025369307,0.30300006,0.031015798,0.029294344,0.035619963,0.020812914,0.022847917,0.023349924,0.03695627,doc_00831
0.024472008,0.024078393,0.021264838,0.023132104,0.026222516,0.027847713,0.026758162,0.025134943,0.02563887,0.022396533,0.025480606,0.6446346,0.027280094,0.025074556,0.030584125,doc_00832
0.18187693,0.03712417,0.039166134,0.080932975,0.043517046,0.11530395,0.09921753,0.043674868,0.047893405,0.040909756,0.0439723,0.0746543,0.06058993,0.036178388,0.054988354,doc_00833
0.15023942,0.036652647,0.032465443,0.043653604,0.036280975,0.083850384,0.07536828,0.036231846,0.040283885,0.036629546,0.038043607,0.17368737,0.12948878,0.034777384,0.052346732,doc_00834
0.07521499,0.050563455,0.06534524,0.07102506,0.062497824,0.06673912,0.064422034,0.12810767,0.058175854,0.060920775,0.050693,0.073317155,0.058831256,0.050972555,0.063173994,doc_00835
0.1052536,0.043932162,0.029172836,0.035611738,0.12545252,0.171277,0.13274725,0.040483236,0.05718743,0.033957336,0.035984214,0.0424022,0.048505872,0.044832904,0.053199753,doc_00836
0.083911926,0.043239225,0.03313826,0.039812688,0.14921091,0.14355159,0.10077363,0.04646048,0.084920205,0.045865834,0.05214371,0.037639007,0.04370731,0.039374284,0.056250893,doc_00837
0.04641482,0.023672627,0.032387048,0.03892899,0.035230137,0.28597686,0.24782069,0.04314607,0.0292306,0.035936255,0.037944082,0.023379508,0.048672594,0.029712705,0.041547034,doc_00838
0.10061328,0.096839935,0.049962863,0.11386597,0.039902687,0.09314749,0.072418354,0.05434962,0.046478104,0.050780162,0.07269033,0.04901291,0.04270856,0.056789257,0.06044047,doc_00839
0.13730142,0.0340511,0.03259856,0.033310425,0.15769789,0.1206108,0.09407415,0.16129439,0.025081363,0.029077185,0.02873759,0.031821214,0.04287263,0.024677277,0.046794016,doc_00840
0.08829851,0.07614318,0.08265447,0.07340966,0.070344865,0.07812913,0.06704927,0.063973516,0.06679864,0.048265435,0.05153799,0.048396587,0.04737951,0.07368386,0.063935354,doc_00841
0.14519149,0.029286563,0.043840665,0.027156364,0.43307176,0.0351033,0.034076385,0.029196953,0.03561021,0.029724682,0.035312217,0.030440228,0.025261648,0.027562972,0.03916452,doc_00842
0.062030405,0.05623334,0.048482735,0.050232302,0.15635936,0.083283395,0.07335572,0.057169754,0.052587777,0.04875921,0.06349781,0.060556315,0.0653996,0.05830163,0.063750595,doc_00843
0.38288844,0.030300727,0.04401764,0.044859666,0.054113854,0.042673618,0.041421436,0.050732568,0.051019244,0.03275684,0.05192287,0.04915724,0.0475285,0.029864803,0.046742592,doc_00844
0.032988217,0.033379782,0.49355936,0.029684186,0.086972564,0.033044506,0.032473903,0.03342738,0.030202202,0.0295131,0.031331915,0.03425428,0.028046,0.030954182,0.040168453,doc_00845
0.24605796,0.34583858,0.05190528,0.04841865,0.03452733,0.024282193,0.02356539,0.02950186,0.025568752,0.02416148,0.024287844,0.022670105,0.027415536,0.03394635,0.037852712,doc_00846
0.1007019,0.037607733,0.034749173,0.034873683,0.12761055,0.102366135,0.08384298,0.11933695,0.044141367,0.033017345,0.041543473,0.03691549,0.11997436,0.029999344,0.053319566,doc_00847
0.10263697,0.03778484,0.37587145,0.041889712,0.13028406,0.031764474,0.032083187,0.033487067,0.031784408,0.02934618,0.030346341,0.02811356,0.024258664,0.027774483,0.042574696,doc_00848
0.29543155,0.026252337,0.028980218,0.04499408,0.02298136,0.021529675,0.022199167,0.31487247,0.024291364,0.046973974,0.03541326,0.02343667,0.026874315,0.027395623,0.03837397,doc_00849
0.0443908,0.034016456,0.031783823,0.04123939,0.14876397,0.0882794,0.07753864,0.037810337,0.048232388,0.035014503,0.043439485,0.13767251,0.13422601,0.04341629,0.05417603,doc_00850
0.13053662,0.029779432,0.02537511,0.021641938,0.21076275,0.14041547,0.03676126,0.19108927,0.031665094,0.02723023,0.034685794,0.02970332,0.027561706,0.022366766,0.04042527,doc_00851
0.43101364,0.06990495,0.04757232,0.048614956,0.03164417,0.03344965,0.034877926,0.0360867,0.038688447,0.04055606,0.036183704,0.04463653,0.035476018,0.02761882,0.043676086,doc_00852
0.28966883,0.035709642,0.043046627,0.19518362,0.04206114,0.03351576,0.033631135,0.037793204,0.038268697,0.03874399,0.04293005,0.031166414,0.04303228,0.046615053,0.04863355,doc_00853
0.5075144,0.02759273,0.03911762,0.06979453,0.029842075,0.02080516,0.021580301,0.032673307,0.035304777,0.03755685,0.054727957,0.03250038,0.025020657,0.029103048,0.03686618,doc_00854
0.3054215,0.040051837,0.030566154,0.24159758,0.02867474,0.02912402,0.027030261,0.027753815,0.051105797,0.03734773,0.03425223,0.031731345,0.047699213,0.024846615,0.042797104,doc_00855
0.21804717,0.0367663,0.033714518,0.031420838,0.04086682,0.067195766,0.07039881,0.04182051,0.03591363,0.22680393,0.04779341,0.040177908,0.032006964,0.028828483,0.04824484,doc_00856
0.32884425,0.029079733,0.03277826,0.30728805,0.024184212,0.019206036,0.020409945,0.03395717,0.025529299,0.047952052,0.03866279,0.017720874,0.018480593,0.021004967,0.034901753,doc_00857
0.07440336,0.05043839,0.056910604,0.06538713,0.14811207,0.052842855,0.050753094,0.052118402,0.069828786,0.051747512,0.059436124,0.049734615,0.04931991,0.1064154,0.06255177,doc_00858
0.051337056,0.044914182,0.038771495,0.049755726,0.12771691,0.09331768,0.07758593,0.06629095,0.061209723,0.04095616,0.03906656,0.043236356,0.12606676,0.07999835,0.059776135,doc_00859
0.21136379,0.03335098,0.19664311,0.052777797,0.13297431,0.03232209,0.03110796,0.03774198,0.03492001,0.033341184,0.056873433,0.029531417,0.031220939,0.03535286,0.05047809,doc_00860
0.073542595,0.063842826,0.050177284,0.0829211,0.0558058,0.051043272,0.049348,0.04736494,0.07034945,0.06146676,0.055615332,0.06564172,0.06595963,0.065804236,0.14111707,doc_00861
0.05319234,0.054765385,0.050166868,0.08478052,0.22993283,0.052122176,0.047238827,0.044306412,0.08669444,0.040173497,0.03967969,0.05541273,0.052268177,0.051708598,0.0575575,doc_00862
0.04787126,0.05396472,0.042757988,0.08868892,0.23640345,0.055954248,0.046327043,0.040937826,0.12363575,0.037533347,0.035585627,0.047219265,0.0448435,0.043495163,0.05478185,doc_00863
0.09295677,0.041033622,0.039418243,0.051648136,0.03863132,0.0398115,0.039003048,0.038197566,0.12509038,0.043578874,0.046464127,0.23553568,0.07486929,0.04030876,0.05345269,doc_00864
0.5467971,0.029368434,0.07132761,0.06864896,0.022733528,0.024231745,0.022433996,0.025704399,0.028370684,0.027622731,0.023185708,0.022645755,0.02634833,0.026935205,0.03364584,doc_00865
0.10989523,0.03648563,0.060718875,0.14357859,0.04095831,0.036724437,0.035629887,0.07167339,0.03829734,0.14195085,0.12174345,0.036207195,0.031521954,0.03905385,0.055560984,doc_00866
0.18866996,0.039909665,0.023908803,0.039879892,0.020594344,0.027345553,0.026201129,0.021627538,0.40085036,0.025292033,0.05319788,0.040538684,0.030985225,0.022028096,0.038970858,doc_00867
0.44504657,0.04191006,0.041538857,0.064665616,0.03154939,0.035191443,0.031338606,0.035994142,0.03472968,0.041903175,0.051165555,0.024326993,0.03588683,0.037976645,0.04677644,doc_00868
0.17635727,0.020401321,0.028308274,0.040722776,0.08726274,0.034521192,0.03152705,0.1874759,0.029768316,0.026981667,0.025260672,0.024885325,0.21886459,0.026603581,0.041059338,doc_00869
0.044804163,0.5529483,0.025353083,0.03784915,0.029105289,0.033307757,0.02999701,0.033362728,0.026039423,0.031175958,0.027611006,0.025449965,0.030430252,0.034727328,0.037838604,doc_00870
0.08784176,0.101801,0.09586123,0.038767334,0.27246636,0.04277754,0.04144404,0.038042277,0.04092319,0.036306452,0.04127709,0.036044657,0.04002027,0.034908634,0.051518206,doc_00871
0.16593337,0.029267704,0.030235548,0.042849503,0.022647966,0.025337718,0.024999496,0.02277634,0.41843995,0.026428543,0.02737915,0.04797378,0.05112913,0.025517376,0.039084315,doc_00872
0.05442015,0.045474015,0.04199262,0.053755313,0.093986645,0.07335795,0.06459213,0.09265204,0.040859014,0.041954827,0.0378003,0.038981155,0.21902558,0.044622753,0.056525476,doc_00873
0.1668393,0.053622954,0.08109262,0.14546743,0.044848073,0.041116886,0.041685764,0.07296376,0.047472306,0.073975995,0.04908894,0.036430012,0.040350568,0.047171332,0.057874106,doc_00874
0.16141139,0.042721372,0.059401702,0.11916901,0.09245295,0.047337092,0.04533392,0.1009274,0.03961176,0.048439667,0.04339583,0.04408018,0.055514105,0.04273901,0.057464648,doc_00875
0.062097177,0.051669016,0.052596074,0.06423472,0.14237593,0.061304264,0.056185823,0.0586942,0.06508342,0.04759593,0.051743228,0.046632502,0.11904486,0.05873567,0.062007163,doc_00876
0.45280993,0.04943226,0.031262577,0.0458754,0.03157752,0.035017252,0.033911023,0.038366355,0.044517532,0.042027205,0.042465243,0.041041464,0.036737423,0.031137079,0.043821696,doc_00877
0.5059316,0.024459181,0.046215523,0.063051134,0.039192904,0.019090835,0.018229924,0.03522634,0.029901542,0.030580647,0.049528275,0.022384292,0.04400473,0.03512344,0.03707964,doc_00878
0.25546882,0.045751188,0.025095752,0.033477105,0.017192466,0.023733864,0.023359938,0.020687107,0.34424177,0.026013343,0.030035064,0.03789354,0.05616844,0.025707826,0.035173785,doc_00879
0.22845218,0.3549516,0.020297961,0.033248946,0.021360742,0.035769697,0.03483732,0.022205716,0.034891848,0.03290983,0.033011436,0.051489085,0.032923713,0.025100654,0.038549274,doc_00880
0.08968247,0.07327061,0.037365906,0.03528714,0.037048485,0.09035532,0.0854809,0.03752001,0.08544563,0.08424356,0.03580004,0.07993036,0.08788599,0.08113964,0.05954402,doc_00881
0.25642514,0.3111159,0.035813596,0.032135747,0.02225825,0.029485172,0.02893821,0.031716414,0.04614032,0.03963605,0.038208596,0.034577582,0.025866965,0.027705284,0.03997671,doc_00882
0.4114019,0.06672709,0.026760947,0.037911665,0.047861554,0.037826005,0.035238247,0.037922233,0.03733558,0.032576766,0.038769312,0.035670675,0.06884196,0.04516059,0.03999548,doc_00883
0.035185527,0.036733,0.03688072,0.035313964,0.02769986,0.26557449,0.14116505,0.15491317,0.03748556,0.038292505,0.040080372,0.030634098,0.032505862,0.037817426,0.04971838,doc_00884
0.06579333,0.06768568,0.07767289,0.06369271,0.10444806,0.059922133,0.059372574,0.06469811,0.058832306,0.05838387,0.07633682,0.054276496,0.048033904,0.07623609,0.06461497,doc_00885
0.3101967,0.027122859,0.034509934,0.33757767,0.023225488,0.022361483,0.0222667,0.030318312,0.027681835,0.031599343,0.029088195,0.023063978,0.021612955,0.023702549,0.035671964,doc_00886
0.07503394,0.037355583,0.08634498,0.08590429,0.09028487,0.04337316,0.05897641,0.08851017,0.06199964,0.08263235,0.06917817,0.041056383,0.04619983,0.07171782,0.061432406,doc_00887
0.552944,0.022010574,0.034141447,0.08987523,0.021409975,0.016426282,0.017072491,0.03471542,0.025114587,0.046192512,0.03646629,0.018101498,0.022129098,0.029195601,0.034204975,doc_00888
0.10005847,0.05552088,0.042135727,0.041077927,0.043042287,0.1268164,0.105408944,0.05304878,0.048803855,0.10471993,0.045977946,0.046620913,0.08189456,0.044042226,0.06083117,doc_00889
0.12885487,0.051448185,0.037089754,0.066971146,0.03848941,0.05013007,0.041149855,0.04376985,0.28335688,0.03802206,0.040899236,0.034779206,0.038149767,0.05356692,0.053322792,doc_00890
0.13088645,0.039517954,0.042058047,0.09450386,0.043482125,0.10145262,0.09236807,0.09959179,0.039332375,0.0939474,0.041160394,0.03840652,0.04362602,0.041397106,0.058269314,doc_00891
0.049833395,0.06531698,0.04028439,0.04272392,0.053857546,0.06325479,0.047593318,0.039391425,0.105265506,0.038966138,0.057007812,0.10420693,0.11799937,0.113276646,0.061021864,doc_00892
0.060112044,0.04245437,0.029125707,0.044344172,0.46518642,0.043273296,0.035213314,0.052861918,0.03110105,0.0309483,0.03465729,0.021879803,0.042885467,0.029540021,0.036416855,doc_00893
0.10296545,0.4171495,0.044238508,0.041685116,0.03131198,0.033597395,0.031988032,0.031995073,0.03797343,0.034873016,0.036561143,0.03687394,0.038876824,0.034966927,0.044943724,doc_00894
0.117663406,0.15098973,0.036968786,0.040285658,0.046137463,0.12006836,0.0919123,0.03695192,0.038187627,0.07014303,0.041884866,0.039876893,0.07343936,0.03898057,0.05651005,doc_00895
0.4300945,0.056414504,0.04566936,0.04419086,0.043909766,0.045924272,0.039722715,0.050625436,0.04714472,0.026154354,0.028510848,0.032796983,0.04080289,0.026592309,0.041446432,doc_00896
0.5089438,0.040903654,0.042270146,0.05393966,0.029661529,0.022369744,0.02037798,0.030633837,0.036753908,0.041752186,0.059423257,0.02496563,0.022187088,0.031472705,0.034344867,doc_00897
0.51251864,0.028886978,0.052623365,0.064435475,0.032869097,0.023379255,0.023314627,0.052086808,0.031380754,0.034127496,0.027754387,0.026305346,0.023761421,0.025654009,0.040902313,doc_00898
0.09766741,0.23131457,0.036297794,0.04154689,0.0961494,0.06821086,0.044596717,0.031534933,0.08460243,0.032188322,0.038861725,0.044324864,0.05256175,0.045949344,0.05419296,doc_00899
0.09200311,0.064114176,0.07889973,0.051057033,0.04236711,0.12645338,0.098586924,0.1113953,0.042463828,0.059033733,0.040993642,0.046719864,0.044804595,0.040110856,0.06099668,doc_00900
0.05361027,0.05397967,0.05279556,0.05240025,0.051868215,0.0901816,0.08650378,0.08604679,0.07827681,0.11206013,0.058983345,0.053874135,0.0529799,0.052723248,0.06371635,doc_00901
0.081135996,0.043557808,0.06318135,0.0846886,0.09286396,0.07000796,0.062481984,0.082201,0.07550267,0.08212318,0.05778542,0.05556195,0.044906598,0.04230936,0.061692193,doc_00902
0.11201543,0.04515854,0.044638414,0.052430153,0.04470941,0.08861425,0.081243575,0.050362885,0.07649288,0.046884146,0.07586072,0.09058462,0.08705992,0.043540057,0.06040507,doc_00903
0.179304,0.038964536,0.040027916,0.1418565,0.034551717,0.042242896,0.04180738,0.04450546,0.10858646,0.04605713,0.038340576,0.040331125,0.11139204,0.03759083,0.054441407,doc_00904
0.028948462,0.026669005,0.02690022,0.02757749,0.026999563,0.027465008,0.02755471,0.027858468,0.027187517,0.034666248,0.03194704,0.58656204,0.030995606,0.03316396,0.035504676,doc_00905
0.07064471,0.085684,0.04686695,0.06594988,0.04778903,0.06345642,0.061991643,0.051725592,0.084841475,0.04786312,0.04924634,0.108549185,0.093003534,0.058361124,0.064027086,doc_00906
0.069076315,0.050473925,0.060989123,0.05205742,0.059319746,0.092071325,0.15849993,0.05201082,0.048168126,0.102461465,0.046999596,0.047929272,0.047821507,0.05064782,0.061473645,doc_00907
0.20719506,0.024452442,0.024568452,0.24487418,0.025147665,0.029834947,0.029105483,0.026003284,0.03196683,0.03247759,0.19277667,0.027714174,0.027532324,0.03392353,0.042427335,doc_00908
0.1410329,0.2119575,0.047534518,0.033762757,0.2312761,0.025278656,0.024389314,0.026624067,0.027918529,0.03334032,0.033075694,0.041054998,0.024446547,0.053790152,0.04451794,doc_00909
0.07894641,0.18817568,0.109636314,0.08774959,0.098398134,0.042739727,0.040600568,0.04327842,0.042627692,0.03826307,0.043159585,0.03795113,0.041474096,0.04952382,0.05747578,doc_00910
0.07169879,0.06484842,0.07818856,0.050476633,0.19202118,0.04058045,0.039274156,0.081645854,0.043797646,0.04134944,0.043789264,0.050674476,0.04059902,0.10268631,0.058369726,doc_00911
0.09315736,0.09466146,0.09974776,0.03279843,0.19653839,0.036801454,0.035631035,0.035146203,0.041724917,0.041188806,0.044503126,0.041754644,0.031300433,0.12128578,0.053760227,doc_00912
0.0914855,0.035610855,0.12576088,0.09464762,0.03903762,0.029135624,0.028260296,0.029659154,0.12348845,0.030821184,0.027555175,0.19990918,0.034981478,0.058989916,0.050657135,doc_00913
0.13538535,0.10727231,0.03870965,0.042117532,0.031356875,0.031198438,0.030355325,0.029404214,0.13902234,0.03141882,0.0343618,0.15978253,0.039234784,0.098965995,0.051414005,doc_00914
0.06511295,0.08416542,0.10961265,0.06290569,0.08682902,0.04711908,0.04634513,0.059308533,0.075034186,0.05733527,0.051153436,0.07671882,0.05425672,0.06176804,0.06233503,doc_00915
0.034903087,0.03204058,0.53107786,0.02936323,0.04533249,0.028674053,0.02935658,0.02721019,0.026134199,0.034305993,0.028260782,0.040652443,0.024195401,0.05019502,0.038298134,doc_00916
0.07253368,0.13268876,0.07024824,0.048536487,0.0984981,0.047666717,0.0471872,0.06285873,0.04475472,0.046971887,0.042011958,0.07112641,0.042694766,0.111366406,0.060855925,doc_00917
0.22578186,0.14359938,0.060345106,0.048246242,0.04325537,0.12406829,0.04448709,0.035616588,0.036257155,0.040707234,0.03125158,0.040186424,0.036883358,0.038595807,0.050718583,doc_00918
0.063400574,0.07420159,0.11752791,0.066394046,0.111527205,0.047878996,0.045747556,0.060780745,0.05432009,0.057951257,0.055761606,0.06465571,0.044636168,0.07207453,0.063142024,doc_00919
0.029602727,0.49495545,0.034239475,0.024111265,0.13810728,0.023569655,0.023848418,0.02203553,0.023663918,0.024093946,0.02305537,0.033141375,0.022856198,0.04675544,0.035963967,doc_00920
0.3988153,0.052494984,0.04585835,0.033998773,0.06493084,0.028273558,0.025294548,0.027459271,0.032514352,0.029822523,0.03874017,0.06363816,0.027236508,0.087687664,0.043234985,doc_00921
0.05869767,0.09158158,0.05074474,0.04743578,0.04928563,0.116349794,0.15227827,0.05770253,0.049692344,0.05058121,0.05226792,0.055307314,0.053209316,0.05337127,0.06149457,doc_00922
0.1428846,0.31574923,0.15213417,0.033184305,0.03288304,0.027789222,0.027418055,0.030952299,0.031597484,0.03396169,0.030530933,0.03150625,0.033709798,0.032286733,0.043412223,doc_00923
0.03249176,0.24197108,0.025073064,0.023608105,0.030165203,0.18220149,0.03172126,0.02472829,0.024009192,0.029820463,0.026431557,0.03108767,0.226694,0.028806752,0.0411901,doc_00924
0.2663966,0.06270959,0.024745671,0.029383859,0.045441996,0.26620865,0.034605853,0.040145148,0.031622484,0.025101857,0.027898015,0.040373728,0.03962371,0.02621198,0.039530877,doc_00925
0.21739668,0.34921712,0.034492943,0.039365217,0.039578162,0.0291912,0.029214058,0.028000144,0.03211329,0.03202166,0.041651256,0.02448948,0.028501699,0.033043306,0.04172379,doc_00926
0.07472005,0.10641745,0.046231735,0.06188993,0.10457632,0.06158094,0.04573466,0.071561515,0.05085073,0.047407776,0.04313639,0.051287305,0.102750234,0.06979771,0.062057268,doc_00927
0.09153024,0.08113267,0.043163355,0.047032118,0.06970656,0.091477074,0.074437,0.070198074,0.066825934,0.07635938,0.06537477,0.04451404,0.04837444,0.06611547,0.06375889,doc_00928
0.095975496,0.054091338,0.059735116,0.13750255,0.062962145,0.05334759,0.054624517,0.06000756,0.066863604,0.07347912,0.06813403,0.04634347,0.048140593,0.055581946,0.06321087,doc_00929
0.09199039,0.045659583,0.06449914,0.050357267,0.17675497,0.06820402,0.04805435,0.103046864,0.064532064,0.043789055,0.04434058,0.046341036,0.049346734,0.04430264,0.05878128,doc_00930
0.060719825,0.0980779,0.039481856,0.04329974,0.038841557,0.08665241,0.08283806,0.046823245,0.06501312,0.03861916,0.10114157,0.16617867,0.037527557,0.037694693,0.05709067,doc_00931
0.08839245,0.10061699,0.12678267,0.11704282,0.055010874,0.0552854,0.043845706,0.048931316,0.040968828,0.04527712,0.068982296,0.04891954,0.04145961,0.058569226,0.05991515,doc_00932
0.07536376,0.15833132,0.095518626,0.05393687,0.110146284,0.044077702,0.04254873,0.0670855,0.04467076,0.04467286,0.052988067,0.05992632,0.041135162,0.04952084,0.06007722,doc_00933
0.36885324,0.06279565,0.032152787,0.04763789,0.0342276,0.04294801,0.03784738,0.032789845,0.042443532,0.056767207,0.054192737,0.04149286,0.04540683,0.047987603,0.052456792,doc_00934
0.046303682,0.19483271,0.043578643,0.046081267,0.044679753,0.043266684,0.042032607,0.045434803,0.039542723,0.045871165,0.22425687,0.045061585,0.039536014,0.04544699,0.0540745,doc_00935
0.12970169,0.17479964,0.043939196,0.04933039,0.045517553,0.099370316,0.08557011,0.036513545,0.045931753,0.038288686,0.064113654,0.042530414,0.043908276,0.043117404,0.05736739,doc_00936
0.028825786,0.59949154,0.027343713,0.024502408,0.025001995,0.024458492,0.023629213,0.024979658,0.026325354,0.026609054,0.034625407,0.041927624,0.026834888,0.03137254,0.0340723,doc_00937
0.14442177,0.05213649,0.049399447,0.05595569,0.04280884,0.043087326,0.04247664,0.044585425,0.047369804,0.044658218,0.050535608,0.042457156,0.047302075,0.2356125,0.057193033,doc_00938
0.032711677,0.55303377,0.024175998,0.024826322,0.02450687,0.039292082,0.03418066,0.036960702,0.030876547,0.051200885,0.033236936,0.031054484,0.026320886,0.021901036,0.035721138,doc_00939
0.041621685,0.4754404,0.03372513,0.03299598,0.03874551,0.033994026,0.029542495,0.032770403,0.023650331,0.029270595,0.04716982,0.027971774,0.06742716,0.043124314,0.04255037,doc_00940
0.078627184,0.08827234,0.058075685,0.07221467,0.06912175,0.076802865,0.06767317,0.068964384,0.07072661,0.059602767,0.052039675,0.0486367,0.059399616,0.06459027,0.065252356,doc_00941
0.078732654,0.08543128,0.050788302,0.053817414,0.054170217,0.05060792,0.05206357,0.08597654,0.045616746,0.12965868,0.054611977,0.049182635,0.0774133,0.06811872,0.063810036,doc_00942
0.08639823,0.04654453,0.081883766,0.17514214,0.047816064,0.044143025,0.045037508,0.06724179,0.08064675,0.051552232,0.04936164,0.049327668,0.04660184,0.067644365,0.0606585,doc_00943
0.09853074,0.05076532,0.04020224,0.08210296,0.050633058,0.08075032,0.06309355,0.043699063,0.17237584,0.04519102,0.052391343,0.050730925,0.07271705,0.03808714,0.058729403,doc_00944
0.33297428,0.034084566,0.12452215,0.048293296,0.062872306,0.030349119,0.028761938,0.030225193,0.036928065,0.027657041,0.053357232,0.042587757,0.031517375,0.0665558,0.04931387,doc_00945
0.027547391,0.62121576,0.027440596,0.025746195,0.027578468,0.02655626,0.026243325,0.02649306,0.026848108,0.025964867,0.026115825,0.02705463,0.025567656,0.026926111,0.03270178,doc_00946
0.15035142,0.029478572,0.038498066,0.034509502,0.1898575,0.030631905,0.029839024,0.030122466,0.027862858,0.03509873,0.034055993,0.030918492,0.028697236,0.26528445,0.044793796,doc_00947
0.10188336,0.054124333,0.12075055,0.08892373,0.07397272,0.04588585,0.044700958,0.061272595,0.07171513,0.0517461,0.057922356,0.05024329,0.055728495,0.05931293,0.061817717,doc_00948
0.13472143,0.05098623,0.15530607,0.093832426,0.07475928,0.045168072,0.047052186,0.07255119,0.048672743,0.054518737,0.04285455,0.039746184,0.03863956,0.04348293,0.057708398,doc_00949
0.17988528,0.13150083,0.038182206,0.04848175,0.045588624,0.036072146,0.031777963,0.030833391,0.20407583,0.034868855,0.04527994,0.048192766,0.03496087,0.039894756,0.050404742,doc_00950
0.07559277,0.12447075,0.04336843,0.047601517,0.12520073,0.07118614,0.060167924,0.048591144,0.080217265,0.047622796,0.048715226,0.054881394,0.047330834,0.06305907,0.061994005,doc_00951
0.47106296,0.046669878,0.03134869,0.063940465,0.035352465,0.025664542,0.025054004,0.047367822,0.034813657,0.029228864,0.047664385,0.027086988,0.04138518,0.032012153,0.041347884,doc_00952
0.44048664,0.03783024,0.032543704,0.06265211,0.03283078,0.03414112,0.0332359,0.058451176,0.038080014,0.0338462,0.055932548,0.024015289,0.0339695,0.03551037,0.046474427,doc_00953
0.3028116,0.023441155,0.02135848,0.03351361,0.02235812,0.023928015,0.024835538,0.30241066,0.029965581,0.038523752,0.07355677,0.020619184,0.023835365,0.022913633,0.035928596,doc_00954
0.3284521,0.032823972,0.029482752,0.29629007,0.024622926,0.021812292,0.02193761,0.03602715,0.028306048,0.030819496,0.046266094,0.020833723,0.024139259,0.022475356,0.03571119,doc_00955
0.054204173,0.049353156,0.04708668,0.035234902,0.5113235,0.03130891,0.029100278,0.04375997,0.028549153,0.03004594,0.030772116,0.026633173,0.022852791,0.022472737,0.037302457,doc_00956
0.18668744,0.025426958,0.24181977,0.034047715,0.2340304,0.029004933,0.029794924,0.03135061,0.026232684,0.02470897,0.026405267,0.025430243,0.022126123,0.02274329,0.040190708,doc_00957
0.46115786,0.031721126,0.044119187,0.04243325,0.084434636,0.032937113,0.02937819,0.052463915,0.028402029,0.026340317,0.039636966,0.036119755,0.025871923,0.029137393,0.035846382,doc_00958
0.080019936,0.03357995,0.19689497,0.032971755,0.32863247,0.030876245,0.029998021,0.031043775,0.030906593,0.02740012,0.03165233,0.037595272,0.027320158,0.03761463,0.043493815,doc_00959
0.29917485,0.21838163,0.03848157,0.04504518,0.033426244,0.03341676,0.032657765,0.045059487,0.03412794,0.031522576,0.03366814,0.043127682,0.036840532,0.027935896,0.047133785,doc_00960
0.17168088,0.22049007,0.29660708,0.019510075,0.032746393,0.030205926,0.027662069,0.036381353,0.023040146,0.031279743,0.02540991,0.017222395,0.015647326,0.01912482,0.032991875,doc_00961
0.14118482,0.040426936,0.06357564,0.1260257,0.22185121,0.03865853,0.037699025,0.043740522,0.039249383,0.03549499,0.039536856,0.034718573,0.045487877,0.040215198,0.052134648,doc_00962
0.0328051,0.035950925,0.02858277,0.027497904,0.03172241,0.18371448,0.12862638,0.14713088,0.02965095,0.20378423,0.024404563,0.028297864,0.028056037,0.02596183,0.04381367,doc_00963
0.44307604,0.031614907,0.037231434,0.054046407,0.037635427,0.03949961,0.035947468,0.044910036,0.041191164,0.038331743,0.039379988,0.045795154,0.038732514,0.029747881,0.04286024,doc_00964
0.038999423,0.3254175,0.038913645,0.037135012,0.03185746,0.12078056,0.037587244,0.042003658,0.034338247,0.043135814,0.07087453,0.05032244,0.041654933,0.037558693,0.049420953,doc_00965
0.09624773,0.040082283,0.043042086,0.033803765,0.44066638,0.031394556,0.02960786,0.031346615,0.02665246,0.028490184,0.029257232,0.02575653,0.067509994,0.034022126,0.04212019,doc_00966
0.049861737,0.031901818,0.042442616,0.04998717,0.037865285,0.04971587,0.04715969,0.41514355,0.04608748,0.050085183,0.036680162,0.023629544,0.040547103,0.034842297,0.044050526,doc_00967
0.3953132,0.061010562,0.039501153,0.0691245,0.040427975,0.031070516,0.028120622,0.030044766,0.06717525,0.029619932,0.049746685,0.024113398,0.05405674,0.039142262,0.04153243,doc_00968
0.19117765,0.045129452,0.045925017,0.13356304,0.048242196,0.09086159,0.04596458,0.047277816,0.07048011,0.04410735,0.04681985,0.044877514,0.045627426,0.043455984,0.05649036,doc_00969
0.051814426,0.029058555,0.033065107,0.03641199,0.32529432,0.15221125,0.0571154,0.04053782,0.034398835,0.035518683,0.03211158,0.035536986,0.045857992,0.043962073,0.04710492,doc_00970
0.40204763,0.030911144,0.078569934,0.0466309,0.032561805,0.027343983,0.026142446,0.03874255,0.025968224,0.07410211,0.037867256,0.035968542,0.040653724,0.057035793,0.045453876,doc_00971
0.2469769,0.04449552,0.04353005,0.07792329,0.053880364,0.04499541,0.042694964,0.13619675,0.042504337,0.047457527,0.040252846,0.038552877,0.04714678,0.03990999,0.05348236,doc_00972
0.07887134,0.05874208,0.07118308,0.098864645,0.06710139,0.04642683,0.04590096,0.06935235,0.09770298,0.09522824,0.051856287,0.04949515,0.050668906,0.055597596,0.06300812,doc_00973
0.09368502,0.11062017,0.0714931,0.09299865,0.07055555,0.0469847,0.045143954,0.06676284,0.06269707,0.045827232,0.04141808,0.049004536,0.08443357,0.055133287,0.063242234,doc_00974
0.1523138,0.4572606,0.038413938,0.039811157,0.02583111,0.027457297,0.027216276,0.027349098,0.027815219,0.026652813,0.036186904,0.028311977,0.023982916,0.023624167,0.03777275,doc_00975
0.06368646,0.06919112,0.15294991,0.0494293,0.1174481,0.07011385,0.05421858,0.05477391,0.06326085,0.04202903,0.04682897,0.056227412,0.04808246,0.05099553,0.0607645,doc_00976
0.09094497,0.041285712,0.055460177,0.12034082,0.16028297,0.048025183,0.043423004,0.065883435,0.107357726,0.03521736,0.041440606,0.036823962,0.047888603,0.0481969,0.057428554,doc_00977
0.19849698,0.022630014,0.022343587,0.24803397,0.016366169,0.01919372,0.01907893,0.024502048,0.274005,0.025702659,0.022516813,0.024205051,0.027068505,0.020928867,0.034927644,doc_00978
0.17471994,0.12789422,0.038293615,0.11313512,0.05898552,0.04626393,0.04412216,0.08758861,0.044779774,0.04348625,0.03750103,0.034095373,0.048283227,0.044847224,0.05600402,doc_00979
0.22872105,0.042543918,0.042239532,0.17812832,0.038711853,0.034682002,0.033835765,0.14860532,0.03975142,0.03440332,0.029791757,0.033988148,0.032019045,0.034485977,0.048092574,doc_00980
0.06475952,0.06550282,0.08991964,0.04558928,0.25701144,0.052628197,0.049415253,0.04904339,0.048515875,0.049509,0.048582226,0.044237208,0.04111424,0.03821528,0.055956572,doc_00981
0.06485158,0.078850955,0.06938794,0.07081824,0.060331374,0.07183087,0.06930424,0.065112256,0.065478966,0.062051184,0.060291886,0.05495712,0.08044943,0.060750846,0.06553307,doc_00982
0.5156514,0.02312054,0.043172415,0.05112025,0.043034762,0.028790718,0.028250594,0.038600564,0.03990135,0.032278858,0.055827394,0.018972427,0.019189196,0.0265755,0.035514075,doc_00983
0.5196065,0.02063233,0.039369415,0.06713974,0.026259774,0.01752281,0.017802853,0.037254434,0.023711007,0.072495386,0.04161926,0.017131409,0.02694347,0.036860242,0.035651352,doc_00984
0.11952033,0.056135874,0.051592775,0.10979664,0.13435894,0.07459538,0.0675767,0.072372586,0.042973626,0.041193426,0.04020702,0.03448355,0.057653118,0.03988466,0.057655383,doc_00985
0.088706754,0.103189655,0.03933017,0.037620496,0.15580218,0.087072134,0.08008364,0.087472506,0.042511284,0.030133037,0.037773658,0.072480865,0.04241575,0.03967753,0.05573032,doc_00986
0.03163779,0.14052673,0.02496211,0.028142082,0.19439714,0.03166098,0.031155463,0.027243957,0.029813161,0.027909713,0.027176082,0.026529811,0.2991107,0.03748891,0.04224531,doc_00987
0.07029649,0.07446823,0.07175985,0.053945355,0.106048785,0.06868831,0.06662363,0.064775154,0.067337476,0.055534624,0.057316236,0.06762015,0.048281573,0.06306821,0.06423599,doc_00988
0.08309048,0.044941556,0.03791957,0.074501716,0.06548065,0.11890547,0.08299249,0.06905317,0.09367203,0.04244842,0.08487243,0.047736343,0.051549155,0.041451328,0.06138516,doc_00989
0.0685907,0.0496973,0.043947633,0.06981701,0.090114094,0.07391418,0.07147016,0.074863195,0.10592195,0.04289165,0.051726773,0.061763052,0.0673748,0.06488011,0.063027374,doc_00990
0.101492286,0.04415207,0.040951245,0.055340324,0.040830158,0.10769491,0.09226449,0.09720985,0.07371682,0.09092659,0.052722577,0.04824336,0.04454811,0.04841409,0.061493155,doc_00991
0.07503298,0.0444237,0.06284457,0.09680889,0.07582607,0.04770701,0.051084388,0.06157515,0.09874955,0.12475595,0.05356222,0.043381494,0.051994536,0.0502139,0.062039644,doc_00992
0.18910281,0.31119984,0.03857009,0.037169043,0.036341067,0.030281918,0.03017079,0.0388178,0.031164236,0.05052382,0.039505027,0.03619747,0.035775345,0.047801856,0.04737888,doc_00993
0.5192293,0.016335508,0.026155457,0.0865118,0.023876637,0.015088887,0.017108522,0.026175326,0.051933896,0.071904406,0.049015407,0.017732907,0.023507815,0.022189828,0.033234324,doc_00994
0.29642192,0.026373468,0.039622623,0.2996807,0.025177868,0.023857525,0.02296125,0.039487332,0.02452337,0.045280922,0.03969917,0.02352269,0.023037737,0.0292658,0.04108764,doc_00995
0.09725067,0.10619196,0.033981375,0.0367088,0.03137825,0.06379817,0.06270476,0.03342971,0.032234967,0.07400228,0.09188443,0.18136798,0.0673062,0.032725506,0.055034995,doc_00996
0.025345944,0.02461113,0.025460204,0.02530154,0.02669809,0.029453348,0.02887399,0.029078012,0.027039563,0.025703955,0.026832793,0.62149316,0.025797956,0.025720093,0.03259018,doc_00997
0.04112493,0.03939535,0.048480984,0.0386379,0.04007626,0.048686676,0.047405653,0.04434019,0.038006466,0.03824034,0.04391484,0.406274,0.040307697,0.037158456,0.04795031,doc_00998
0.17220424,0.028014349,0.050305936,0.04746845,0.033556383,0.032066517,0.030012503,0.11972767,0.03264024,0.027088406,0.03037224,0.2879765,0.03392051,0.029001737,0.04564427,doc_00999
0.03331593,0.033105947,0.03289928,0.03307253,0.033434168,0.035768062,0.035367828,0.034083348,0.033569705,0.033046134,0.039241515,0.51276207,0.035549343,0.033689823,0.04109432,doc_01000
0.025536424,0.024633307,0.025865339,0.026082665,0.02767466,0.027825598,0.026814856,0.025984528,0.02431898,0.020069838,0.025252096,0.640604,0.02677865,0.02181183,0.030747242,doc_01001
0.0816082,0.15463337,0.03163848,0.031014152,0.04197247,0.11699217,0.08855431,0.041741744,0.034782726,0.041627154,0.13164282,0.079715036,0.03671245,0.03345339,0.053911533,doc_01002
0.040174346,0.31006104,0.042726256,0.04003339,0.045744307,0.05547641,0.042683292,0.042265896,0.03926062,0.037176657,0.0399152,0.043676294,0.10560837,0.062152155,0.053045817,doc_01003
0.18529062,0.17449585,0.033969007,0.0494362,0.038549434,0.052485723,0.037448615,0.11881337,0.044361852,0.03966334,0.039694633,0.03525406,0.049094655,0.045888904,0.05555377,doc_01004
0.05603423,0.054575175,0.21747202,0.066390574,0.06395684,0.053995665,0.05378079,0.058526568,0.051922865,0.052008864,0.052720495,0.05337114,0.051934373,0.052974105,0.06033628,doc_01005
0.19270432,0.027999869,0.0311115,0.044225425,0.026772613,0.03234517,0.03185576,0.15645543,0.02938285,0.2764297,0.026278125,0.024842536,0.026745748,0.03123182,0.04161913,doc_01006
0.08349025,0.05227357,0.052152686,0.060692146,0.05042728,0.04994581,0.04907672,0.054337185,0.05136213,0.052875977,0.055043347,0.16432798,0.047470782,0.113109566,0.06341452,doc_01007
0.29529068,0.036999427,0.033144426,0.045528222,0.040469203,0.038148127,0.036794893,0.04138279,0.037291136,0.040722508,0.21039046,0.032413464,0.034060054,0.031195974,0.046168625,doc_01008
0.3992292,0.04090193,0.036137898,0.056030206,0.022084715,0.046749894,0.044595964,0.057742737,0.049994145,0.06637933,0.053183675,0.026007447,0.026381876,0.029226433,0.045354545,doc_01009
0.39119738,0.03327102,0.034122337,0.04139105,0.02876844,0.03433128,0.03611027,0.05343922,0.050444733,0.11024851,0.06392824,0.022437425,0.028241644,0.02932188,0.04274654,doc_01010
0.42903182,0.03923197,0.03659249,0.041922472,0.030244133,0.042818323,0.03669068,0.028607944,0.045831405,0.05065291,0.037475355,0.04541343,0.055281658,0.033882294,0.046323065,doc_01011
0.49231207,0.037091732,0.051129937,0.058002345,0.026567675,0.028148513,0.027527343,0.04133774,0.03535807,0.048708286,0.036710043,0.024439275,0.021918926,0.029261736,0.04148631,doc_01012
0.5215097,0.032330245,0.047507055,0.06320194,0.026770853,0.02871733,0.02852964,0.031400427,0.033056676,0.033819858,0.026225725,0.028839625,0.029916147,0.028744826,0.039429963,doc_01013
0.19295712,0.0227726,0.028886385,0.026363235,0.02302509,0.033816017,0.03178992,0.02728442,0.030945439,0.29265246,0.03845089,0.029347561,0.15760916,0.023805618,0.040294,doc_01014
0.04390381,0.062610775,0.08043088,0.04162238,0.078460306,0.04241659,0.04037903,0.03882222,0.0467174,0.047248274,0.08855273,0.121873796,0.041395463,0.16602021,0.059546124,doc_01015
0.24810663,0.06562123,0.022864323,0.025670907,0.024526374,0.01822205,0.016358387,0.014219293,0.30078936,0.019267872,0.03717379,0.078429796,0.027911488,0.06490317,0.03593533,doc_01016
0.37162498,0.037972767,0.046777826,0.040364742,0.0343157,0.049913563,0.044532895,0.03910996,0.056456864,0.047752142,0.04722813,0.044558585,0.038579512,0.050654907,0.050157413,doc_01017
0.137109,0.111076176,0.044644088,0.06706272,0.101165846,0.04089712,0.037988424,0.04577207,0.07638403,0.034229062,0.04363813,0.073855326,0.053035494,0.07511291,0.05802959,doc_01018
0.05829205,0.32851958,0.0335149,0.0318763,0.14591102,0.042795423,0.034517698,0.03562488,0.04893579,0.032362796,0.03298268,0.04125395,0.041748744,0.04390369,0.04776048,doc_01019
0.2829668,0.19355343,0.03900177,0.042112045,0.04641462,0.035952307,0.031310495,0.032468516,0.041615188,0.034422223,0.048409287,0.0411463,0.034959078,0.046517376,0.04915058,doc_01020
0.03761284,0.034315396,0.030707052,0.029147051,0.026955785,0.031367164,0.028159112,0.02353348,0.027253188,0.027824614,0.03283961,0.577445,0.023212185,0.035343,0.03428453,doc_01021
0.117681466,0.11904509,0.0720936,0.088485986,0.044375185,0.04157032,0.044418406,0.07368422,0.08932969,0.0434271,0.049155727,0.055822406,0.053751137,0.044735346,0.062424317,doc_01022
0.07372625,0.05447012,0.044134103,0.07951178,0.041813385,0.049589567,0.06437191,0.09847189,0.099073604,0.10347017,0.067035474,0.04802312,0.047917895,0.06472739,0.063663416,doc_01023
0.101449355,0.05001361,0.10005597,0.08164224,0.063950285,0.054516636,0.054658152,0.10929226,0.06403287,0.06645064,0.04495375,0.050014548,0.049554612,0.04709199,0.062323038,doc_01024
0.04755776,0.37194335,0.031624403,0.027729511,0.05880825,0.038042143,0.03233317,0.031832866,0.055729143,0.040998563,0.048665583,0.07705849,0.02714094,0.06460902,0.04592679,doc_01025
0.084802,0.060522683,0.05811616,0.07308595,0.08397962,0.078834705,0.07033779,0.06986816,0.064000554,0.0842554,0.045886274,0.045386154,0.07030672,0.047965117,0.06265272,doc_01026
0.43159282,0.03792847,0.047501523,0.045534436,0.045911398,0.034556966,0.03309112,0.031776,0.032544255,0.042509012,0.04294592,0.06300925,0.032758612,0.034980904,0.043359328,doc_01027
0.1525358,0.16759503,0.037379287,0.040816963,0.038984895,0.092759944,0.03827854,0.033683818,0.031655382,0.1972029,0.03290409,0.028062053,0.032636866,0.027651858,0.047852535,doc_01028
0.0644341,0.057952482,0.05594581,0.061806865,0.05594024,0.08217222,0.08564457,0.06510055,0.066624045,0.06635314,0.06424707,0.0751846,0.0740034,0.058548894,0.066042036,doc_01029
0.14851218,0.17471923,0.022412399,0.024573626,0.032948017,0.029424876,0.025591845,0.023290114,0.14458779,0.022800116,0.029230611,0.2154284,0.026769836,0.037086032,0.04262494,doc_01030
0.086614914,0.05782497,0.05982917,0.079850934,0.064820066,0.0463168,0.053688236,0.07276866,0.04707635,0.09688866,0.06176786,0.04664474,0.08926015,0.073207214,0.06344124,doc_01031
0.3884226,0.038232546,0.08430464,0.051818937,0.04866196,0.035710555,0.03461378,0.05741008,0.035402134,0.043023862,0.030714754,0.024324117,0.04230732,0.04424264,0.040810052,doc_01032
0.11579462,0.045833528,0.28111917,0.050756317,0.043412734,0.044178206,0.043668117,0.07017873,0.042299625,0.03826343,0.039476726,0.043227285,0.044221506,0.044063956,0.053506076,doc_01033
0.05784452,0.118092425,0.056160823,0.03938485,0.21115085,0.09948366,0.08280771,0.039491996,0.03553856,0.03540698,0.035719845,0.05510658,0.040432923,0.038362294,0.055015996,doc_01034
0.06371877,0.06421928,0.048397955,0.06896623,0.07413761,0.07456933,0.06879704,0.052261803,0.061822146,0.040601455,0.038911033,0.04028329,0.122638404,0.11835471,0.06232096,doc_01035
0.20506962,0.29941994,0.034264125,0.043814037,0.029564874,0.028931988,0.028560068,0.029838305,0.07378368,0.03431094,0.037084207,0.038286816,0.039614096,0.032596882,0.044860456,doc_01036
0.03528379,0.54071414,0.044271864,0.032888584,0.031556934,0.027789364,0.028084295,0.029833416,0.026191313,0.03694593,0.03363116,0.030402698,0.028976975,0.035279807,0.03814979,doc_01037
0.20873249,0.038009286,0.036772344,0.047552705,0.031353973,0.18508215,0.17563641,0.029401872,0.029469572,0.039241407,0.02854002,0.02463936,0.041647505,0.037248816,0.046672124,doc_01038
0.10150101,0.10759885,0.027709989,0.028780479,0.11355763,0.10604019,0.08613935,0.029877441,0.03341823,0.039681558,0.03618258,0.038101636,0.15865107,0.040387545,0.052372485,doc_01039
0.2404255,0.17810097,0.05274565,0.04525714,0.045441817,0.034332972,0.032236245,0.037546333,0.03195298,0.031785224,0.028073292,0.03554652,0.04589118,0.10978947,0.050874725,doc_01040
0.40412,0.059793346,0.037161596,0.03819656,0.04856393,0.046318766,0.04009552,0.040407296,0.050758895,0.03312102,0.048725247,0.033517934,0.03729573,0.035636995,0.046287183,doc_01041
0.0465093,0.04454301,0.036638554,0.041377824,0.030751172,0.04028007,0.03855516,0.037794013,0.12726052,0.042252265,0.17729758,0.13478373,0.11299102,0.03582472,0.053141072,doc_01042
0.024954155,0.017087514,0.02843071,0.025983414,0.035332307,0.03327333,0.03254388,0.34569058,0.2474726,0.043344308,0.02063693,0.014618759,0.038798515,0.058121003,0.03371196,doc_01043
0.1673307,0.30853096,0.029896252,0.03151597,0.031770926,0.033656627,0.032201957,0.03542976,0.032712318,0.11916384,0.03664709,0.033810817,0.030246228,0.03220943,0.0448771,doc_01044
0.53002167,0.032557387,0.034841117,0.06660974,0.021749608,0.019182598,0.018118436,0.050868858,0.027697947,0.0518354,0.037258983,0.017611813,0.023265552,0.030270629,0.03811027,doc_01045
0.21354432,0.029391445,0.04472687,0.3732205,0.0312345,0.022402264,0.022213614,0.025576767,0.03365282,0.030317837,0.057959534,0.024254113,0.024418462,0.028174832,0.038912114,doc_01046
0.09612227,0.037577074,0.031996258,0.038276717,0.047080692,0.036234852,0.03335049,0.033188853,0.034407016,0.031168705,0.07212308,0.40020603,0.033462293,0.029013865,0.04579184,doc_01047
0.032018173,0.06831253,0.026319254,0.024948636,0.030821845,0.032026626,0.02967038,0.029033048,0.028133675,0.023932764,0.031953864,0.547457,0.03084414,0.02752014,0.037007965,doc_01048
0.089669295,0.037583478,0.03870265,0.04947551,0.09027711,0.08536711,0.07644407,0.082339324,0.08041979,0.039079733,0.034892574,0.04830936,0.104129404,0.0839244,0.059386205,doc_01049
0.19160277,0.059504397,0.058879636,0.04827748,0.03841772,0.09778878,0.04985263,0.057312075,0.033078272,0.03025913,0.044278033,0.18314818,0.031110432,0.026758092,0.04973241,doc_01050
0.2038393,0.022289963,0.03416225,0.04337899,0.03883049,0.03966721,0.037861567,0.2674765,0.041385856,0.05820327,0.05175517,0.04745932,0.0421509,0.026477864,0.04506137,doc_01051
0.064034,0.0480557,0.091627344,0.06947269,0.07344081,0.04590543,0.043878358,0.06807667,0.044193443,0.053121455,0.068556905,0.17174865,0.047229294,0.04918384,0.061475392,doc_01052
0.039534286,0.030783512,0.030234147,0.040579364,0.032027096,0.080708705,0.03377993,0.07853107,0.03984739,0.029886268,0.03600678,0.42000833,0.03363886,0.030583486,0.043850806,doc_01053
0.0386267,0.026592309,0.02959196,0.038317837,0.030601861,0.038613543,0.036886342,0.03704387,0.0441944,0.029627709,0.032943483,0.52576697,0.027493639,0.025156064,0.038543254,doc_01054
0.03748151,0.028669987,0.025738003,0.029997094,0.022618057,0.029178,0.028372945,0.025043238,0.57524025,0.026744956,0.02935745,0.039393384,0.04291256,0.024325216,0.03492738,doc_01055
0.27225223,0.028847866,0.02510584,0.031216035,0.019975835,0.03804988,0.029350221,0.025143085,0.3168156,0.027790964,0.033030685,0.040422842,0.04415795,0.029895615,0.037945345,doc_01056
0.21550733,0.029844282,0.03615407,0.03969298,0.031129617,0.028137438,0.027479943,0.20906909,0.03138099,0.040186875,0.19228321,0.026857177,0.023783464,0.02547055,0.043022975,doc_01057
0.08493536,0.039505396,0.046636123,0.16789639,0.043724902,0.04612917,0.051100865,0.0481536,0.1848126,0.048101205,0.04583695,0.04797948,0.04876961,0.040221907,0.056196388,doc_01058
0.14008896,0.03324678,0.042511296,0.044172015,0.036336083,0.05850375,0.037515495,0.040224712,0.08818302,0.12472468,0.041809965,0.041646976,0.18030137,0.03578404,0.05495084,doc_01059
0.15425733,0.038354613,0.03302595,0.0352912,0.035673648,0.16962372,0.14602418,0.034386408,0.117689036,0.040854968,0.035840567,0.037862927,0.040324323,0.030768393,0.050022777,doc_01060
0.037813947,0.05920759,0.03438367,0.037896566,0.043113016,0.13304259,0.103701405,0.055271365,0.040431287,0.04645689,0.040952634,0.03775546,0.09653293,0.17646773,0.05697292,doc_01061
0.48341814,0.026998857,0.09415146,0.045567717,0.03449162,0.02493676,0.024268124,0.03177296,0.028418401,0.04742677,0.04702497,0.022962354,0.027820496,0.022626689,0.038114734,doc_01062
0.08783897,0.05805963,0.07417431,0.07017151,0.10411741,0.07580789,0.06672214,0.06863294,0.06300264,0.052682873,0.050431784,0.04801683,0.068821415,0.048783273,0.06273635,doc_01063
0.17761031,0.0420443,0.053834356,0.05210435,0.21150115,0.03279141,0.03199205,0.04002946,0.15200819,0.03205209,0.03844493,0.029313328,0.027273647,0.0307145,0.048285913,doc_01064
0.20459038,0.03367155,0.041941702,0.04947391,0.034931436,0.18602921,0.1350359,0.03841456,0.039175767,0.036707733,0.036627073,0.04104658,0.03325055,0.038477786,0.050625835,doc_01065
0.18459545,0.31526798,0.16040733,0.027130315,0.038213268,0.02524957,0.024410423,0.026654279,0.024387736,0.022302259,0.027353795,0.025991527,0.026260745,0.03247475,0.039300546,doc_01066
0.5209573,0.034882754,0.026749095,0.043386824,0.022235375,0.023349574,0.022824036,0.029488642,0.03267289,0.044404764,0.053190358,0.034484893,0.04328979,0.032508537,0.03557514,doc_01067
0.07038059,0.070998766,0.040089864,0.09882144,0.09801615,0.12208255,0.101165704,0.041514847,0.043761045,0.04138382,0.046422023,0.04102684,0.07501604,0.049161933,0.06015845,doc_01068
0.37915808,0.025908163,0.24961326,0.051864292,0.033116296,0.026179241,0.025032233,0.028115176,0.02875741,0.023774384,0.026321277,0.021854442,0.021883924,0.021725655,0.03669608,doc_01069
0.19290972,0.19016191,0.034447514,0.03320669,0.0418779,0.16953781,0.03161917,0.036596414,0.036330644,0.025624866,0.03688085,0.04938684,0.04242055,0.03406631,0.0449328,doc_01070
0.18149972,0.04626739,0.024112307,0.033930797,0.26365986,0.17066355,0.030659907,0.053808305,0.02592122,0.02062094,0.0239339,0.020201735,0.042939357,0.022273766,0.039507274,doc_01071
0.08194161,0.04059733,0.11437729,0.08271082,0.07717553,0.062143743,0.05943375,0.087050684,0.06987082,0.048510633,0.07562219,0.046902455,0.048118994,0.044423487,0.061120585,doc_01072
0.35167217,0.049395382,0.055354197,0.04498686,0.04669555,0.031205107,0.030194595,0.045272592,0.03554343,0.058077,0.032044146,0.03496508,0.069116734,0.06426226,0.05121481,doc_01073
0.07895199,0.06765336,0.061635025,0.06906313,0.07325808,0.073306285,0.061126143,0.065421075,0.06166849,0.062344067,0.058162846,0.05382652,0.07411658,0.07390625,0.06556019,doc_01074
0.20611994,0.040772792,0.117739715,0.21266292,0.040712927,0.035161197,0.03445432,0.03793199,0.0407732,0.05181204,0.0354688,0.03189164,0.031058256,0.034504015,0.048936285,doc_01075
0.15664072,0.038582984,0.04342437,0.03725567,0.31067726,0.03695696,0.03473395,0.041217126,0.035754647,0.0437321,0.047883436,0.041173212,0.033333007,0.049024407,0.04961017,doc_01076
0.12151995,0.062068347,0.044836536,0.042213704,0.03536335,0.08854768,0.07732915,0.088208765,0.03226752,0.04236261,0.14357524,0.09188153,0.032994013,0.041615006,0.055216584,doc_01077
0.078644246,0.059317548,0.04558896,0.04728689,0.056196555,0.11321706,0.093178876,0.056487016,0.061982248,0.09900694,0.061470322,0.043973554,0.067842595,0.053897988,0.061909202,doc_01078
0.06635357,0.04764557,0.06576722,0.084105365,0.08422924,0.05800438,0.05407746,0.057680115,0.09756233,0.082529426,0.06864653,0.06400323,0.054808613,0.05100097,0.06358598,doc_01079
0.11985646,0.057326123,0.04587763,0.10221371,0.036962602,0.06591959,0.067214444,0.04101739,0.114998795,0.047427308,0.0625801,0.08107785,0.051464036,0.046465896,0.05959797,doc_01080
0.1696456,0.031245764,0.032903887,0.07706859,0.026524276,0.030578624,0.030072026,0.026557093,0.2828904,0.02947983,0.03697666,0.043605216,0.09688195,0.03936737,0.04620272,doc_01081
0.41551727,0.03560873,0.05460998,0.06167412,0.028220028,0.04169595,0.03799826,0.047654364,0.04432473,0.05229424,0.029683001,0.034759153,0.0343288,0.036749225,0.044882175,doc_01082
0.3405199,0.041336875,0.03673673,0.0471439,0.028261485,0.032699592,0.03140204,0.1985292,0.04029481,0.037986837,0.029568678,0.029003238,0.028871587,0.03358911,0.04405597,doc_01083
0.17222223,0.045325737,0.055917207,0.11232861,0.03256424,0.040194258,0.038757008,0.038250186,0.03664413,0.11345306,0.034242455,0.037558928,0.15313488,0.035290726,0.054116342,doc_01084
0.12937446,0.044152096,0.04406592,0.10034119,0.039659794,0.0427623,0.043822084,0.053715006,0.042623017,0.13001707,0.09213846,0.0401255,0.04780611,0.09004409,0.05935289,doc_01085
0.08563063,0.048452497,0.045604616,0.08819668,0.07522334,0.07278909,0.07105196,0.04603123,0.08172078,0.049285088,0.08272048,0.052140385,0.067004204,0.07159614,0.06255289,doc_01086
0.08675001,0.042871054,0.040989354,0.04289856,0.03745372,0.12360738,0.1015954,0.11147471,0.088605136,0.05373546,0.092672974,0.03745392,0.039468683,0.04299235,0.057431206,doc_01087
0.49073118,0.041875087,0.03680488,0.036204934,0.05558487,0.0335952,0.028743207,0.0344521,0.025903009,0.034693033,0.037133314,0.028532894,0.034968495,0.039669614,0.04110822,doc_01088
0.095499255,0.097889304,0.03944458,0.038422022,0.14090557,0.038474187,0.037146207,0.040453378,0.07808189,0.03712784,0.036738448,0.08420324,0.040021434,0.13961096,0.0559817,doc_01089
0.1516691,0.032686576,0.031028029,0.032309942,0.033930324,0.14144656,0.1138796,0.02989886,0.034045584,0.029722841,0.043702584,0.20268619,0.036313992,0.038789768,0.047890056,doc_01090
0.055546638,0.055380326,0.20378001,0.062285632,0.06277094,0.060200877,0.058489475,0.065062925,0.05224121,0.054263104,0.050887458,0.053886425,0.052305404,0.05241195,0.0604876,doc_01091
0.06019747,0.06713033,0.057951722,0.055189513,0.059833087,0.061380517,0.05926449,0.056937966,0.05827336,0.059253775,0.064496145,0.0671238,0.13773169,0.07013149,0.06510465,doc_01092
0.2518066,0.30852103,0.03450486,0.04566121,0.0329659,0.03151936,0.029601973,0.031484533,0.030101622,0.027085721,0.031474486,0.026532467,0.037086155,0.039446168,0.042207845,doc_01093
0.14167923,0.04260641,0.041925333,0.12512934,0.034066632,0.14633702,0.08750199,0.08012181,0.04438925,0.04251726,0.035112523,0.036719214,0.034758538,0.050927844,0.056207635,doc_01094
0.11591348,0.09875026,0.04741684,0.121219285,0.04181554,0.05093331,0.074589744,0.08953117,0.038845684,0.044737026,0.0449591,0.04262319,0.038343553,0.09073445,0.059587363,doc_01095
0.13233523,0.03789157,0.03944757,0.13216282,0.03867659,0.04470158,0.07743219,0.11010524,0.12828149,0.041376624,0.040651876,0.039748557,0.04392987,0.03753011,0.05572874,doc_01096
0.39631942,0.07588228,0.036555678,0.05525141,0.027145822,0.036574185,0.039312042,0.04461758,0.045548193,0.057463203,0.04631579,0.029941175,0.033571683,0.03251303,0.042988498,doc_01097
0.044733763,0.6363649,0.029749049,0.033744827,0.020485802,0.021076562,0.019832188,0.026649943,0.022051325,0.02705221,0.033294793,0.020760683,0.018059755,0.019510064,0.026634177,doc_01098
0.45037895,0.03240957,0.053066533,0.07480951,0.0506642,0.028811738,0.030224288,0.032376777,0.027493075,0.045142025,0.032028437,0.036107797,0.032880835,0.032735735,0.04087056,doc_01099
0.11506426,0.08013109,0.045075115,0.0864144,0.10786311,0.08829277,0.045480218,0.04508372,0.09633914,0.04020105,0.04312762,0.053377718,0.045599833,0.047737505,0.060212508,doc_01100
0.10170527,0.14217015,0.09569402,0.073575586,0.07907459,0.07303338,0.03870427,0.03865581,0.035429485,0.09971749,0.052396055,0.03466601,0.03803831,0.039629143,0.05751045,doc_01101
0.2684536,0.026581686,0.031811543,0.04174847,0.027662383,0.029523408,0.027781881,0.030907258,0.3238303,0.030408664,0.026288316,0.029431468,0.03926334,0.02689165,0.039415978,doc_01102
0.069335416,0.077713534,0.05020141,0.04840008,0.054413762,0.068070814,0.06553909,0.058255546,0.06732158,0.07176951,0.08048821,0.07686687,0.063531995,0.083685756,0.06440643,doc_01103
0.42639747,0.056933254,0.028716085,0.042526666,0.03404574,0.04154474,0.040133566,0.03526855,0.04203216,0.03870519,0.048023466,0.049663883,0.041738585,0.030263074,0.044007514,doc_01104
0.052119758,0.03478576,0.37784943,0.040982403,0.05788461,0.046640947,0.040499542,0.06629589,0.03804885,0.038326953,0.034206152,0.04045463,0.04148598,0.04101687,0.049402237,doc_01105
0.13911977,0.03389799,0.04458181,0.10060123,0.03726562,0.04293284,0.04100383,0.13975866,0.04604503,0.048304617,0.15712419,0.03772328,0.035505556,0.04027771,0.055857845,doc_01106
0.15149397,0.026810968,0.017964482,0.019085288,0.021495976,0.15154438,0.13570492,0.030779688,0.024991952,0.025951559,0.03331928,0.27213916,0.026407564,0.02311436,0.039196488,doc_01107
0.05604108,0.05741839,0.050810803,0.05711139,0.07928331,0.075015135,0.06816862,0.061931208,0.06006288,0.064137734,0.05840415,0.120069064,0.070651054,0.057031967,0.063863225,doc_01108
0.067901835,0.06250374,0.05959724,0.063467175,0.05990488,0.06694192,0.062100742,0.07398541,0.077088416,0.05282469,0.076800294,0.061533216,0.06224262,0.08696127,0.06614652,doc_01109
0.3934604,0.03955062,0.032480452,0.026860368,0.027530037,0.044098295,0.04077476,0.043433946,0.03090439,0.065183245,0.05636217,0.08711242,0.043419387,0.02726544,0.041564092,doc_01110
0.42292094,0.052868016,0.04691397,0.04101142,0.024553405,0.035701614,0.033100963,0.024473693,0.048796747,0.022829743,0.046877213,0.10048929,0.030919781,0.030319685,0.03822353,doc_01111
0.0600214,0.052649535,0.04996293,0.05785875,0.06976355,0.061682574,0.061983533,0.0720067,0.087240666,0.05120947,0.06269787,0.0825504,0.09245794,0.07260423,0.06531046,doc_01112
0.17781411,0.11593022,0.047488514,0.06867252,0.04987588,0.10038066,0.061444063,0.0410648,0.051696498,0.03354274,0.05884929,0.05667026,0.035257496,0.04491989,0.05639307,doc_01113
0.44785032,0.03839444,0.030140426,0.034314223,0.023674294,0.038220156,0.034285966,0.028343668,0.033630352,0.024143554,0.0469934,0.1312897,0.028437832,0.024021594,0.03626009,doc_01114
0.14768524,0.047506172,0.049507603,0.04992947,0.10502483,0.049960777,0.0497646,0.043790203,0.10425585,0.04781659,0.05253907,0.052569285,0.04457708,0.09616326,0.058909997,doc_01115
0.069930546,0.057879373,0.058901943,0.06542943,0.055612963,0.058211237,0.056668293,0.07042517,0.06751147,0.07428965,0.07750631,0.11738987,0.05311393,0.053053506,0.06407628,doc_01116
0.11044999,0.05026422,0.0322295,0.03134802,0.14361048,0.03326191,0.03148675,0.028732942,0.028903317,0.031242773,0.037034918,0.33586425,0.029648028,0.03172325,0.044199686,doc_01117
0.43010774,0.04049234,0.030927077,0.04425449,0.02539579,0.035939597,0.03475392,0.029372465,0.041708846,0.026538,0.063447945,0.10762565,0.026873296,0.023034899,0.039527863,doc_01118
0.08609948,0.055162564,0.07608039,0.14094163,0.049493145,0.04891014,0.0506666,0.052352875,0.08339631,0.052459963,0.08077132,0.05015218,0.04796937,0.062649995,0.062894054,doc_01119
0.10485228,0.07053226,0.067577876,0.11247702,0.049393408,0.054911762,0.04680026,0.07245422,0.07823036,0.06284495,0.053787798,0.042450856,0.054990098,0.06600683,0.06269006,doc_01120
0.08228172,0.105908155,0.041850824,0.04347459,0.040029928,0.11449991,0.09472954,0.040008966,0.042793363,0.048886638,0.06768845,0.050245553,0.0976785,0.06932487,0.060598973,doc_01121
0.08096148,0.05965229,0.0470946,0.04828428,0.06886189,0.103339,0.07670741,0.068865724,0.060093895,0.06167247,0.065905735,0.07216606,0.057965897,0.06373034,0.06469888,doc_01122
0.1958517,0.049136184,0.034418844,0.037554525,0.039556712,0.039003685,0.037794303,0.0333103,0.18944493,0.03210153,0.16264272,0.031541433,0.03284893,0.03647668,0.048317514,doc_01123
0.09206554,0.055870283,0.053541355,0.10206246,0.056138404,0.05965378,0.059543494,0.06847924,0.06141136,0.08097779,0.07373261,0.053885456,0.048147365,0.06933805,0.065152876,doc_01124
0.20542794,0.030263454,0.14148746,0.043424077,0.2062706,0.034792162,0.034116045,0.037434965,0.03396511,0.04169352,0.03793047,0.032799408,0.031907972,0.040226243,0.048260633,doc_01125
0.10190532,0.043707818,0.050691683,0.07738545,0.09647801,0.0628409,0.059490263,0.09359975,0.08223928,0.0488302,0.045525707,0.04529283,0.053516854,0.07772373,0.060772188,doc_01126
0.075885564,0.07606579,0.06002023,0.0712515,0.055035885,0.068225496,0.05977163,0.05008749,0.076708645,0.05163974,0.075401165,0.099961676,0.055037685,0.06052657,0.06438098,doc_01127
0.04911349,0.04643205,0.041410614,0.04410725,0.04518562,0.06914585,0.04754418,0.04509465,0.052984882,0.0498762,0.13416055,0.15149087,0.045715548,0.11848314,0.05925512,doc_01128
0.08999746,0.04440719,0.05797336,0.055702534,0.04282216,0.044267043,0.043936513,0.08090099,0.04042091,0.12366985,0.051146083,0.04666303,0.13243024,0.08518689,0.060475715,doc_01129
0.11966873,0.031437308,0.09198665,0.10504448,0.034899876,0.03837536,0.036249556,0.04433912,0.12232811,0.032064352,0.04498003,0.11657121,0.08486641,0.039628502,0.05756038,doc_01130
0.439343,0.019935427,0.07625021,0.0702783,0.03346275,0.03379321,0.031389177,0.04911505,0.042344354,0.03434322,0.03886712,0.02948507,0.025823683,0.030919902,0.044649586,doc_01131
0.037583582,0.035819385,0.06152578,0.033208657,0.03319046,0.16434693,0.10189293,0.08335805,0.035160445,0.14193623,0.038220197,0.03329284,0.031672627,0.113514386,0.05527757,doc_01132
0.0611636,0.0632344,0.21027784,0.049419966,0.053965032,0.06976905,0.0633066,0.057509754,0.047332097,0.050223615,0.0473555,0.061178233,0.04934453,0.055578403,0.060341354,doc_01133
0.10556351,0.029759314,0.030370494,0.029529955,0.22737476,0.14861503,0.1273213,0.03659041,0.03671971,0.035703484,0.03538004,0.03261824,0.045898248,0.031240204,0.047315378,doc_01134
0.057757508,0.0569126,0.043254238,0.0393865,0.28194463,0.07002572,0.062199477,0.048872314,0.044653144,0.06440303,0.049169034,0.039340843,0.04656432,0.04089802,0.05461868,doc_01135
0.021023044,0.017984644,0.018363725,0.020153692,0.01977637,0.017628588,0.01818089,0.019459069,0.021284966,0.69987243,0.031127622,0.017235653,0.023430275,0.028918793,0.025560273,doc_01136
0.100643165,0.0328469,0.035032846,0.03766113,0.03758358,0.18577504,0.1411839,0.044761598,0.11200071,0.041354127,0.045490522,0.057630863,0.037764516,0.03743269,0.052838393,doc_01137
0.06660045,0.07451583,0.04583709,0.04370008,0.12605776,0.06781865,0.05741492,0.0686246,0.061433174,0.07862688,0.047577776,0.077159055,0.048213262,0.074730776,0.061689712,doc_01138
0.46418262,0.022966264,0.034954216,0.057537943,0.02321938,0.027615488,0.027129,0.040055934,0.03905402,0.083140604,0.071351655,0.020845791,0.031778965,0.019307394,0.03686063,doc_01139
0.49665892,0.02688476,0.029370219,0.05350672,0.030792532,0.035098128,0.034287117,0.03709332,0.04282125,0.037199356,0.035578795,0.02860966,0.041087907,0.030131686,0.040879656,doc_01140
0.354235,0.034483284,0.043478742,0.039437402,0.03975268,0.04722999,0.042537387,0.04195885,0.04612522,0.090534575,0.06485951,0.024839249,0.05490144,0.03285913,0.042767584,doc_01141
0.1077208,0.026017705,0.02755758,0.026953012,0.038776483,0.13604982,0.11789462,0.036801673,0.03024074,0.028131826,0.03640023,0.16583492,0.14464158,0.029945143,0.04703388,doc_01142
0.10491349,0.119290315,0.033284925,0.08485465,0.039273504,0.04015451,0.037943244,0.043475263,0.039180204,0.04437914,0.12945047,0.04051355,0.038106374,0.15001093,0.055169407,doc_01143
0.24470416,0.016332902,0.01935543,0.029953144,0.018578028,0.022255093,0.022361176,0.024068348,0.029243914,0.45318145,0.03269249,0.01607437,0.025055628,0.015723886,0.030420057,doc_01144
0.20740871,0.03906282,0.21444175,0.03992307,0.13861367,0.033016518,0.031556856,0.032110665,0.034104683,0.042412892,0.03688435,0.039673053,0.028899668,0.034292515,0.047598753,doc_01145
0.06881837,0.03845927,0.06858955,0.09017729,0.038005598,0.033537257,0.03329849,0.04297231,0.040541925,0.044348836,0.038228314,0.033833776,0.03233322,0.039452467,0.35740337,doc_01146
0.26800922,0.045226417,0.040802345,0.045946535,0.02188525,0.041565478,0.029443238,0.24179424,0.03141042,0.05969845,0.03685706,0.0286592,0.028605,0.03477584,0.04532135,doc_01147
0.09735196,0.088404514,0.03732153,0.0444851,0.09879019,0.075383954,0.06854712,0.038950846,0.113543265,0.03676304,0.04871911,0.041517027,0.047116973,0.103180155,0.05992524,doc_01148
0.047339704,0.053842913,0.042459715,0.042385854,0.04086914,0.12844242,0.10002836,0.13792491,0.061523244,0.11122703,0.046930425,0.043378565,0.044422664,0.040931568,0.05829349,doc_01149
0.13784412,0.118442155,0.04749734,0.11068978,0.07484117,0.039807964,0.037327215,0.03733846,0.04087081,0.13082889,0.0459791,0.03447376,0.042516816,0.045452423,0.056089982,doc_01150
0.032804716,0.03727882,0.02655465,0.028899994,0.06541779,0.1487711,0.10460046,0.030810999,0.029536774,0.037077546,0.030938102,0.02761561,0.32296348,0.031970907,0.044759117,doc_01151
0.11145318,0.029200034,0.034401957,0.18637381,0.057851423,0.120145656,0.09654597,0.033232484,0.097907595,0.029684994,0.037563074,0.033119462,0.04810025,0.03174671,0.052673433,doc_01152
0.11283369,0.034799416,0.030353017,0.038117934,0.045339376,0.23694624,0.16895308,0.04539305,0.04110133,0.047129557,0.04074342,0.033168565,0.039179448,0.036094293,0.049847484,doc_01153
0.26311058,0.045057036,0.037262082,0.035519723,0.043984707,0.20144664,0.06604947,0.03475362,0.039382186,0.031809695,0.03549925,0.03277473,0.050275028,0.035478547,0.047596693,doc_01154
0.10244244,0.17782056,0.035322074,0.038245477,0.09473287,0.15636435,0.07409185,0.04195879,0.033799298,0.04427159,0.032673463,0.03512194,0.046035327,0.03488008,0.05223982,doc_01155
0.035697337,0.041074853,0.024687603,0.038206965,0.054302547,0.29122674,0.2064326,0.03868737,0.035559397,0.050706163,0.035510946,0.027163489,0.04388631,0.032278903,0.044578817,doc_01156
0.106901355,0.06514733,0.07156687,0.057684433,0.11286926,0.053124465,0.045239568,0.10700577,0.04482024,0.043563165,0.047620546,0.04390951,0.06693195,0.06989498,0.06372056,doc_01157
0.5098003,0.03085942,0.037591044,0.05686508,0.0473106,0.033289276,0.029157232,0.03556793,0.044084642,0.029991074,0.033954557,0.02150913,0.026602976,0.02608078,0.037335962,doc_01158
0.115689345,0.1287997,0.036311444,0.03831488,0.14462738,0.10375996,0.06102896,0.03863133,0.034398474,0.03791736,0.043991264,0.0357895,0.035229385,0.09100678,0.054504175,doc_01159
0.37767917,0.061230734,0.028060349,0.06768448,0.021256067,0.049757764,0.048338953,0.02187905,0.04337183,0.025799196,0.038664073,0.09675083,0.060346033,0.022104835,0.037076637,doc_01160
0.37722987,0.02862523,0.034752335,0.041875664,0.044492003,0.04849201,0.042829465,0.054958653,0.035562783,0.04079804,0.04571478,0.033950187,0.09063654,0.037782066,0.042300332,doc_01161
0.09738899,0.03248287,0.032897886,0.118670955,0.0318501,0.033392325,0.033593178,0.034136906,0.28804287,0.033959083,0.03658545,0.0407541,0.101740286,0.034452014,0.050052956,doc_01162
0.04974546,0.036745835,0.06206686,0.07274765,0.060860563,0.024254559,0.024552308,0.04894962,0.028808543,0.03551235,0.020338835,0.014454138,0.05645149,0.43485054,0.029661302,doc_01163
0.18311946,0.018659214,0.027642308,0.035183314,0.028825559,0.015500552,0.016890256,0.21333274,0.021205485,0.044015627,0.023649782,0.016410468,0.031278122,0.28987485,0.034412228,doc_01164
0.1912835,0.039371327,0.034986287,0.034195263,0.043634064,0.036279302,0.035450578,0.042920522,0.03820146,0.040488984,0.0338516,0.03317439,0.20615453,0.13927059,0.050737586,doc_01165
0.058298357,0.020123744,0.072437614,0.062343296,0.047572568,0.024138669,0.026304998,0.052161515,0.037510403,0.057353597,0.017105559,0.013556377,0.049109347,0.42894047,0.03304347,doc_01166
0.031927474,0.021652278,0.055599865,0.03755386,0.21603476,0.021411147,0.021765746,0.030502068,0.027504113,0.029310735,0.020077856,0.019439805,0.035535097,0.39607123,0.035614017,doc_01167
0.040655065,0.031785157,0.031006096,0.0388233,0.038635783,0.037270296,0.039830428,0.14120641,0.043889526,0.13519856,0.07788967,0.029732304,0.10811014,0.15363535,0.05233198,doc_01168
0.077562146,0.10993388,0.07987176,0.07623428,0.073932305,0.04589816,0.043826353,0.087679,0.07620015,0.078579225,0.046310477,0.044102363,0.048916206,0.0490417,0.061911914,doc_01169
0.0643571,0.03645565,0.13079847,0.10293832,0.083343945,0.055318896,0.0681677,0.084976844,0.048185334,0.055467658,0.038483318,0.034790795,0.049119387,0.08920335,0.058393203,doc_01170
0.13704973,0.026403805,0.03781432,0.03820751,0.148369,0.025766768,0.027345857,0.17295545,0.030382814,0.043639958,0.028766904,0.02200815,0.044920947,0.17185132,0.04451747,doc_01171
0.040164575,0.034747437,0.03782681,0.04259669,0.04096903,0.089781664,0.09223986,0.17257068,0.09436176,0.047482822,0.0351509,0.03362899,0.04638206,0.137609,0.05448773,doc_01172
0.07639407,0.03852818,0.07235903,0.039998777,0.12573415,0.04254428,0.041905504,0.04243867,0.042245843,0.043897755,0.036458265,0.03565975,0.14005981,0.16673541,0.05504045,doc_01173
0.16828601,0.022044621,0.050157648,0.037718233,0.20424919,0.022292914,0.022285916,0.028466867,0.02632639,0.02796558,0.020698708,0.018985,0.039228097,0.27450973,0.036785115,doc_01174
0.2115319,0.014904376,0.0418118,0.03326317,0.036186483,0.017684877,0.01895197,0.17857422,0.023566814,0.033541117,0.016053807,0.015129037,0.036963508,0.28934836,0.03248854,doc_01175
0.047747117,0.037171066,0.059336103,0.03973892,0.049201984,0.08236733,0.079489395,0.11399703,0.100702144,0.117603675,0.03587637,0.032033373,0.041761007,0.10658241,0.056392096,doc_01176
0.036742236,0.030621182,0.032089338,0.03942464,0.11886062,0.030800404,0.032300614,0.033675577,0.12343532,0.037940066,0.031562045,0.03268572,0.15858734,0.21284826,0.04842662,doc_01177
0.0814044,0.06744427,0.0722629,0.086417936,0.060486842,0.053048264,0.054069642,0.06906387,0.06337592,0.09108663,0.048055716,0.049284488,0.06402531,0.07569652,0.06427729,doc_01178
0.21341492,0.02222719,0.031005455,0.038005922,0.034783036,0.0271972,0.027026545,0.19085386,0.03528808,0.04747631,0.029309046,0.024449687,0.19203596,0.04413151,0.042795293,doc_01179
0.096631184,0.039713524,0.11255627,0.1637355,0.044651315,0.04085714,0.04078771,0.08275067,0.09136351,0.04933421,0.044776414,0.03571889,0.04077565,0.05924857,0.057099406,doc_01180
0.07090255,0.04024254,0.11561909,0.042762086,0.11450275,0.040178776,0.041013062,0.050551195,0.041985046,0.045512583,0.03548561,0.035411585,0.10978242,0.15997857,0.056072153,doc_01181
0.071931794,0.075316355,0.052175876,0.044868425,0.045799118,0.13774166,0.09870374,0.07160464,0.06821861,0.07514208,0.05122778,0.05141283,0.047623243,0.046527926,0.061705932,doc_01182
0.06398495,0.04056258,0.042753823,0.0411815,0.044030417,0.06928349,0.062806115,0.071577236,0.04022548,0.046364367,0.056288663,0.28525102,0.043929685,0.037686363,0.054074332,doc_01183
0.05793756,0.066705644,0.057826806,0.057208486,0.059872746,0.057211857,0.05692539,0.06102238,0.057739668,0.056388754,0.057709623,0.05626354,0.05672014,0.17730093,0.0631665,doc_01184
0.08393228,0.21196875,0.08634393,0.09112688,0.06870691,0.048912667,0.04761922,0.042551793,0.046785004,0.042395808,0.046282522,0.036694124,0.043527536,0.04579483,0.057357743,doc_01185
0.036385674,0.03111461,0.024883991,0.032168802,0.32998157,0.03469688,0.03222431,0.031764664,0.033727046,0.026363341,0.025802132,0.024272708,0.26092914,0.036110908,0.039574303,doc_01186
0.4126271,0.057921294,0.043471407,0.04945423,0.04416668,0.037657127,0.03664487,0.042379264,0.05337146,0.042820953,0.038559396,0.030419998,0.029195413,0.035745084,0.045565788,doc_01187
0.08554501,0.045335647,0.17419954,0.041432295,0.1204202,0.045277424,0.04251178,0.081103295,0.040614642,0.047212906,0.093943365,0.044518135,0.04076737,0.039752144,0.057366263,doc_01188
0.040745597,0.037364285,0.046944745,0.03860408,0.046766117,0.036206882,0.035604835,0.034161143,0.039192185,0.036997408,0.11660067,0.20014246,0.034545977,0.20426445,0.051859215,doc_01189
0.29016837,0.15339011,0.026369246,0.03143932,0.028381258,0.040633854,0.036974333,0.027755303,0.042069227,0.028273214,0.045081984,0.13050674,0.04576987,0.029963586,0.043223623,doc_01190
0.08440679,0.088768594,0.037943423,0.043987554,0.06161048,0.065350495,0.06228743,0.058755856,0.064848796,0.035503086,0.042758945,0.14186108,0.10924402,0.04330624,0.059367213,doc_01191
0.47456563,0.044416156,0.03758477,0.049134597,0.03462705,0.036803972,0.034628626,0.042493302,0.035701767,0.031503215,0.036656316,0.032765266,0.031339902,0.03482536,0.042954084,doc_01192
0.053203452,0.047387064,0.31937712,0.05024846,0.050263874,0.04286265,0.041958664,0.08015975,0.039925996,0.052685708,0.03982726,0.043827124,0.045215957,0.04027247,0.052784476,doc_01193
0.092834115,0.084266484,0.13763137,0.10177206,0.056055177,0.08004841,0.06500917,0.043972127,0.043291762,0.037819594,0.04114559,0.07239117,0.04149895,0.042924907,0.05933913,doc_01194
0.38872004,0.04107886,0.033530723,0.048096363,0.027755093,0.04906608,0.04466069,0.052868523,0.061029963,0.06517972,0.039945528,0.030913068,0.041576575,0.02753239,0.048046336,doc_01195
0.04747262,0.048503764,0.051635828,0.04652735,0.054120865,0.047782023,0.046255447,0.0439232,0.046424545,0.043199953,0.047741313,0.33185807,0.045490723,0.045762002,0.05330229,doc_01196
0.062696666,0.08672114,0.03897588,0.0425562,0.047519114,0.11065504,0.09458265,0.046067692,0.06520738,0.048967868,0.0691476,0.106503114,0.072731435,0.046854265,0.060814045,doc_01197
0.1128216,0.026382592,0.028140225,0.034297,0.08333801,0.14385363,0.11602095,0.19879796,0.03561654,0.03279012,0.034462303,0.035772618,0.041668598,0.027155347,0.048882484,doc_01198
0.09707055,0.1744529,0.027004356,0.026178928,0.03955603,0.19948399,0.15398003,0.03460908,0.038062483,0.034362268,0.033126093,0.0328265,0.03515755,0.028279338,0.04584994,doc_01199
0.19366734,0.29730803,0.033470415,0.039663456,0.032856964,0.0388436,0.035578378,0.04207586,0.029036274,0.030842965,0.029497009,0.053530354,0.0502914,0.046075463,0.0472625,doc_01200
0.061721157,0.051949825,0.052375514,0.051035397,0.051225092,0.05650831,0.055357836,0.06703022,0.047841225,0.09703788,0.105174266,0.13175894,0.050350316,0.058356386,0.06227766,doc_01201
0.07883663,0.05967917,0.051329903,0.12975836,0.0663057,0.06472761,0.06546891,0.061137453,0.075662404,0.059308946,0.062967815,0.05366202,0.049007393,0.058750078,0.063397594,doc_01202
0.24841467,0.33737445,0.028659841,0.02982214,0.038943116,0.025911905,0.025330227,0.029664794,0.0314169,0.028923819,0.026351223,0.04373458,0.025737643,0.03945319,0.04026153,doc_01203
0.075165145,0.06727435,0.04771817,0.05913881,0.07629214,0.06842247,0.059802618,0.066774316,0.060894556,0.046030287,0.061987665,0.12490207,0.06714814,0.055960488,0.06248881,doc_01204
0.20144731,0.027761832,0.048461694,0.03351832,0.04913182,0.039113056,0.036933377,0.03025118,0.3224554,0.035238773,0.026753861,0.043417703,0.039642967,0.024133062,0.04173971,doc_01205
0.09212908,0.06729923,0.043674245,0.056575146,0.06552139,0.06449996,0.060468756,0.08731021,0.066062555,0.08366283,0.05546023,0.07138493,0.056573085,0.066770874,0.062607504,doc_01206
0.100345425,0.07564584,0.048998494,0.08053371,0.070107765,0.046087015,0.04457074,0.07162479,0.050243117,0.050893813,0.086246625,0.047464497,0.08045701,0.08314757,0.06363366,doc_01207
0.44409457,0.033104185,0.04558481,0.068746895,0.033880785,0.034378167,0.031387914,0.037592318,0.045384858,0.031155512,0.04187936,0.03895683,0.03493712,0.03509855,0.043818124,doc_01208
0.035819866,0.02077598,0.021662371,0.03993742,0.020647723,0.02777768,0.02803707,0.033360325,0.55726594,0.038060013,0.031065367,0.034927964,0.043353386,0.030591073,0.036717873,doc_01209
0.27669305,0.029990837,0.035988554,0.29337144,0.028767563,0.030030575,0.029806655,0.030450946,0.02953611,0.03735684,0.04061537,0.028919585,0.03582355,0.030287543,0.042361323,doc_01210
0.03412653,0.03220366,0.031109119,0.036912072,0.032947034,0.034920797,0.035138667,0.032455638,0.39427644,0.03289523,0.03352359,0.07466433,0.116069436,0.034282383,0.0444751,doc_01211
0.12886007,0.03575487,0.043024167,0.05685796,0.03379816,0.13651977,0.11596572,0.11209574,0.04595614,0.09764014,0.03752861,0.037248954,0.037039872,0.028812008,0.05289781,doc_01212
0.10779021,0.04185064,0.09343969,0.3073112,0.043352865,0.038278155,0.037935045,0.041541055,0.03861884,0.04306383,0.037178043,0.03921341,0.041945457,0.037199646,0.05128192,doc_01213
0.06277656,0.10756695,0.052025367,0.05465624,0.06241064,0.08020141,0.06762791,0.04763553,0.061109092,0.045916025,0.0795402,0.09782579,0.06313917,0.05402412,0.06354499,doc_01214
0.07728883,0.040611945,0.039802067,0.051980052,0.07576711,0.07353397,0.06676117,0.12188655,0.064161286,0.048113815,0.042140022,0.14100677,0.051095024,0.046460748,0.059390627,doc_01215
0.11719537,0.033948235,0.042051163,0.144352,0.039921626,0.036315855,0.03539077,0.03437707,0.15212584,0.09058086,0.043586962,0.10073285,0.035884757,0.03946202,0.05407464,doc_01216
0.06645159,0.50438213,0.036838576,0.0454366,0.034142967,0.023717616,0.021891324,0.030579522,0.022701444,0.030835774,0.029665781,0.026398173,0.04874684,0.041196942,0.037014678,doc_01217
0.042034566,0.040822633,0.04332717,0.03770276,0.11986786,0.04174406,0.04220998,0.03924962,0.041707166,0.04299419,0.04128662,0.08287638,0.03879834,0.2927875,0.052591167,doc_01218
0.09960556,0.053390555,0.060628217,0.0711777,0.06293855,0.054676518,0.052909944,0.068127066,0.053658087,0.069257535,0.061143447,0.13009472,0.050624654,0.049473703,0.062293775,doc_01219
0.08233819,0.070125565,0.07493754,0.046861913,0.115707286,0.06892969,0.0638081,0.091162466,0.045134563,0.05316162,0.05738948,0.056361653,0.045155287,0.06729444,0.061632287,doc_01220
0.0703731,0.067469545,0.047840517,0.060425665,0.05850964,0.07477971,0.06298903,0.06382678,0.055096056,0.059362523,0.05618066,0.050411735,0.112377554,0.09670438,0.06365313,doc_01221
0.07602921,0.061058916,0.0466708,0.073700234,0.056148008,0.06902036,0.06674557,0.054897714,0.09200103,0.09515314,0.074548796,0.04910517,0.048849694,0.072641596,0.06342975,doc_01222
0.39684087,0.030568408,0.036641374,0.045373604,0.058453817,0.052260645,0.043659814,0.052690957,0.040038496,0.028940383,0.048763055,0.052649252,0.03817793,0.030504126,0.04443733,doc_01223
0.17300998,0.035189204,0.035422288,0.051390033,0.13253146,0.12594074,0.03766353,0.039218247,0.035517406,0.03251926,0.030756243,0.032699842,0.15581465,0.03355078,0.048776373,doc_01224
0.23094842,0.027589032,0.043478094,0.070364855,0.10781128,0.031918924,0.030274397,0.035500422,0.025809329,0.026125915,0.023670038,0.022114513,0.24654153,0.034530062,0.043323275,doc_01225
0.07129715,0.058678884,0.059349187,0.0589155,0.05905609,0.0637519,0.063537076,0.07779989,0.06354228,0.093479134,0.058245108,0.083905496,0.060244568,0.062485173,0.065712556,doc_01226
0.051217012,0.27412638,0.036571022,0.038449008,0.03703892,0.087503545,0.07369319,0.044037815,0.043344118,0.085607044,0.06376062,0.036564916,0.037328497,0.037675943,0.05308199,doc_01227
0.09814012,0.07565809,0.10792378,0.16216306,0.040209472,0.041007724,0.040717002,0.07699978,0.04355545,0.04538163,0.044159837,0.03810154,0.045404147,0.08135944,0.059218984,doc_01228
0.45824364,0.07170334,0.08915765,0.050760824,0.043441422,0.026689816,0.0244994,0.03183203,0.035755645,0.025739279,0.030758891,0.025215283,0.0229576,0.030066095,0.033179123,doc_01229
0.42735928,0.036483385,0.036560494,0.051575825,0.03277308,0.03640453,0.032333918,0.05062153,0.043920215,0.037845552,0.056819994,0.043193884,0.036343314,0.03293237,0.044832654,doc_01230
0.14876254,0.031075994,0.09273584,0.18984276,0.02809147,0.036162287,0.03775527,0.16553597,0.03334985,0.06298566,0.031861305,0.027526693,0.031013457,0.033600196,0.049700767,doc_01231
0.06681359,0.04834917,0.049713496,0.06212217,0.048980355,0.069805,0.06902022,0.07203367,0.059232198,0.09745197,0.14770278,0.048797175,0.04283752,0.055382997,0.06175774,doc_01232
0.44793865,0.03146568,0.038525663,0.035212435,0.039385308,0.02962358,0.027542109,0.042846695,0.075930774,0.05189831,0.028253399,0.030477751,0.03295941,0.045248114,0.04269214,doc_01233
0.06630558,0.059520163,0.08553167,0.10799432,0.05660922,0.056082103,0.05639506,0.06292023,0.060665544,0.068178944,0.059950113,0.056842946,0.06926444,0.0685663,0.06517339,doc_01234
0.031850148,0.028541498,0.026812978,0.028581483,0.027308218,0.21497811,0.14079458,0.03174688,0.028898034,0.24764115,0.041191265,0.059551757,0.025173392,0.025098944,0.041831467,doc_01235
0.115421735,0.04514634,0.07407657,0.11126145,0.038021673,0.103652634,0.080708034,0.041218054,0.0754596,0.046321027,0.069351025,0.05826444,0.043079473,0.040433224,0.057584662,doc_01236
0.06578273,0.3078064,0.05213604,0.050293643,0.041219756,0.0419439,0.046140112,0.05968476,0.043352045,0.046294175,0.046292275,0.05445965,0.04589551,0.041806653,0.056892328,doc_01237
0.035263196,0.56645846,0.030056471,0.025485653,0.027554411,0.034475602,0.030927582,0.027892422,0.026260361,0.028499914,0.037457626,0.030083615,0.03368397,0.030032367,0.035868376,doc_01238
0.44386837,0.037680984,0.056629237,0.05433474,0.041416653,0.029927533,0.030028425,0.03745719,0.044648424,0.036355786,0.044263612,0.027924497,0.034610238,0.036956,0.0438983,doc_01239
0.29603514,0.03194664,0.02222139,0.028069116,0.016133165,0.02965059,0.027228957,0.016649224,0.3488531,0.02639189,0.024272533,0.034362625,0.045788266,0.020234413,0.032162935,doc_01240
0.17169136,0.18561472,0.042692825,0.134173,0.040337864,0.033705555,0.03415816,0.03856927,0.07433314,0.045447987,0.044630956,0.03371445,0.033713493,0.034508266,0.052708913,doc_01241
0.26985094,0.02656854,0.03123607,0.038561024,0.023338526,0.04281149,0.03577235,0.25668883,0.03408339,0.06032338,0.043411028,0.021413574,0.025235856,0.03592853,0.054776456,doc_01242
0.13563137,0.04155896,0.045191813,0.038350135,0.27317953,0.10920838,0.05089333,0.034909386,0.034528166,0.031600833,0.03469684,0.039905064,0.045761857,0.035949335,0.04863498,doc_01243
0.076812424,0.05813289,0.03508844,0.04021822,0.11565963,0.07371671,0.06518648,0.047697116,0.04415271,0.043119963,0.042511944,0.036669258,0.1810196,0.08165476,0.058359854,doc_01244
0.059157822,0.04800921,0.13933915,0.09545914,0.072006814,0.056382876,0.054470222,0.078680016,0.054812286,0.061749138,0.055040844,0.06652703,0.046149094,0.049461868,0.06275447,doc_01245
0.05579506,0.04784835,0.05476725,0.067344315,0.06349793,0.0831747,0.073031686,0.061116997,0.05929092,0.061482072,0.09406194,0.10088713,0.0645842,0.05016609,0.062951356,doc_01246
0.18588078,0.03304727,0.10930859,0.03423925,0.31978536,0.03135477,0.029960878,0.032530915,0.029695058,0.039804183,0.032737017,0.027021533,0.02500646,0.027745584,0.041882325,doc_01247
0.07787833,0.09233909,0.20711774,0.08173729,0.06927556,0.040100113,0.03962017,0.07234135,0.03817057,0.043220803,0.043320663,0.037818063,0.059189357,0.041421857,0.056448992,doc_01248
0.20500937,0.10353608,0.04474029,0.052471936,0.17760785,0.038077306,0.036952943,0.054476913,0.0392273,0.036102522,0.035326727,0.038030993,0.043100916,0.043375548,0.051963337,doc_01249
0.025209246,0.02326624,0.65853643,0.026327183,0.025516525,0.02297878,0.023122815,0.023945201,0.023182912,0.024889637,0.026605176,0.022457074,0.022031689,0.022403777,0.029527418,doc_01250
0.27189147,0.022160087,0.042575818,0.32439947,0.02629902,0.022619102,0.022283982,0.07589943,0.022649841,0.03757841,0.026492361,0.022756686,0.020284144,0.024610661,0.03749955,doc_01251
0.16584992,0.03402455,0.13864267,0.042839233,0.19889319,0.035609756,0.03351696,0.11716805,0.031152662,0.031817477,0.029519927,0.028973697,0.036089282,0.029342543,0.046560038,doc_01252
0.05458908,0.048858106,0.049768314,0.049073596,0.049565278,0.04743088,0.048475854,0.059716742,0.04500416,0.13789722,0.053391185,0.052276336,0.102075696,0.14026828,0.061609242,doc_01253
0.16843762,0.039979372,0.05412625,0.094064325,0.0358544,0.037698027,0.037754092,0.138062,0.036163736,0.14353992,0.03974291,0.03713749,0.040688206,0.04224719,0.054504417,doc_01254
0.095432386,0.1118002,0.09516733,0.038014423,0.12251764,0.034407213,0.033214845,0.036703303,0.03320621,0.037463006,0.035222914,0.03147584,0.1350655,0.10602233,0.054286912,doc_01255
0.10147592,0.07432152,0.041039962,0.10500295,0.042327967,0.06780388,0.041869763,0.041484524,0.121120214,0.04210407,0.038182214,0.040954437,0.10771897,0.076098494,0.05849507,doc_01256
0.054606292,0.054350857,0.1752832,0.06224029,0.09181093,0.063796796,0.06444127,0.057167992,0.05288647,0.05659825,0.05260817,0.05169077,0.048263583,0.0523613,0.06189377,doc_01257
0.043216325,0.062819704,0.036645144,0.044520546,0.04532056,0.1739046,0.13916224,0.07152192,0.042934798,0.1003412,0.041310865,0.04718597,0.0495352,0.04416794,0.057412963,doc_01258
0.09629301,0.041825123,0.049764816,0.058085263,0.049470656,0.04522038,0.04499168,0.08248957,0.045231428,0.057318702,0.048966542,0.052648656,0.17290469,0.09416234,0.060627162,doc_01259
0.29609975,0.024693951,0.03532065,0.38950077,0.024653303,0.018016735,0.02124117,0.022972176,0.020950457,0.028313471,0.026729248,0.019810902,0.019125044,0.0216009,0.030971514,doc_01260
0.12613556,0.03013254,0.031998254,0.030194078,0.17783694,0.12062001,0.10604239,0.13185243,0.03376631,0.034006435,0.031781867,0.034818996,0.03076043,0.03168388,0.048369884,doc_01261
0.05968876,0.025930798,0.018857112,0.055187263,0.01782042,0.02186425,0.02163608,0.021124186,0.50589895,0.034366533,0.033575132,0.059614893,0.059933838,0.028935635,0.03556618,doc_01262
0.018197458,0.020202035,0.016229413,0.019790271,0.015731703,0.24164183,0.19782066,0.025835969,0.023228757,0.30128422,0.024308758,0.028730571,0.019476525,0.016564226,0.030957576,doc_01263
0.16567655,0.04535474,0.04461824,0.04983642,0.035202134,0.16649817,0.1178021,0.0465832,0.048414182,0.043293428,0.04495134,0.047884528,0.044686884,0.042017624,0.057180487,doc_01264
0.0827314,0.050591335,0.04451444,0.08146681,0.050439782,0.04773602,0.048000354,0.09123839,0.051194955,0.10814082,0.08681817,0.047580056,0.08861373,0.057767157,0.0631666,doc_01265
0.11552817,0.03858156,0.28995118,0.0440882,0.17824505,0.0319115,0.032651417,0.031006098,0.03278003,0.03457017,0.036148693,0.028444473,0.030763011,0.030002635,0.04532776,doc_01266
0.38002768,0.050862003,0.028521309,0.04329565,0.0375075,0.035951022,0.03464288,0.054588206,0.042197812,0.05321369,0.04151737,0.030246517,0.0766929,0.05160787,0.039127514,doc_01267
0.097222015,0.025200443,0.030450687,0.032438014,0.11280072,0.026713016,0.027922852,0.08899756,0.03315062,0.12903845,0.026901582,0.023203418,0.15752296,0.14224613,0.04619148,doc_01268
0.046688136,0.024980769,0.055886846,0.05496781,0.049026206,0.028034143,0.028623004,0.042400192,0.031842794,0.04583644,0.025652073,0.022742577,0.06107976,0.4467848,0.035454474,doc_01269
0.10927912,0.06193535,0.11994618,0.085992545,0.09665761,0.039304912,0.03860658,0.042319708,0.08925117,0.08358445,0.045975447,0.040050484,0.043005664,0.044907805,0.059183,doc_01270
0.14407662,0.026119253,0.034322754,0.16376579,0.031254083,0.0378098,0.04352456,0.17577042,0.0376044,0.13142003,0.034248658,0.030103909,0.033256207,0.029269552,0.04745402,doc_01271
0.34239528,0.04927712,0.047361683,0.18941565,0.042991437,0.030028544,0.029450879,0.038226925,0.030311394,0.03487567,0.027898818,0.023992041,0.038691558,0.032098766,0.04298428,doc_01272
0.41577205,0.04753236,0.03104005,0.05546731,0.03988358,0.036514,0.03524982,0.047276504,0.04208129,0.044681124,0.044142902,0.027191624,0.042450756,0.047823325,0.042893305,doc_01273
0.06181864,0.046788648,0.050808586,0.05673106,0.056275625,0.07992359,0.07219427,0.078435354,0.05645267,0.086984165,0.0688012,0.08471106,0.071346514,0.06490166,0.063827,doc_01274
0.14571737,0.05349023,0.036824632,0.0372265,0.032040972,0.10056859,0.080630235,0.078883834,0.03160786,0.028279306,0.034046873,0.23560816,0.031365424,0.026082598,0.047627393,doc_01275
0.08373776,0.044349946,0.03256307,0.042207457,0.039809905,0.10603691,0.09267887,0.03940554,0.04567335,0.03987573,0.07388908,0.19655602,0.06896876,0.038143475,0.056104068,doc_01276
0.029790202,0.34191203,0.027661035,0.028017618,0.028067568,0.1153232,0.08662301,0.0356152,0.03374465,0.11026988,0.03034042,0.029710732,0.03019825,0.028589267,0.044137,doc_01277
0.06911568,0.05954495,0.05669959,0.077354744,0.056788065,0.08355244,0.078072675,0.07820867,0.08115899,0.101877764,0.058879692,0.041385967,0.04744165,0.047990344,0.061928716,doc_01278
0.1289025,0.08205229,0.045894492,0.05485197,0.051860116,0.05622589,0.06751479,0.07101959,0.10885914,0.074499644,0.04796095,0.049197506,0.04728795,0.05254389,0.061329223,doc_01279
0.38957486,0.037695073,0.026782354,0.060008727,0.028355964,0.035836667,0.035194315,0.04846694,0.055311035,0.061159216,0.060073514,0.032128282,0.044050433,0.036022197,0.049340438,doc_01280
0.120816715,0.046052206,0.0713592,0.13439833,0.043807603,0.067369916,0.072775185,0.043162968,0.11426601,0.04774764,0.049327496,0.046271455,0.041594595,0.042044513,0.05900617,doc_01281
0.26014695,0.037661187,0.037033927,0.24851787,0.035594657,0.035483733,0.032181244,0.032259505,0.04915734,0.030270621,0.04120322,0.042591646,0.03613642,0.035451245,0.046310477,doc_01282
0.09109725,0.04849759,0.09133932,0.09863439,0.07446707,0.051432125,0.046448532,0.091271274,0.07513392,0.07872792,0.06626481,0.041627754,0.03903724,0.0450181,0.06100271,doc_01283
0.096460104,0.0544406,0.050467566,0.076698795,0.07881996,0.07146391,0.05923168,0.066885084,0.05869904,0.078142256,0.07932065,0.058419026,0.0562122,0.05136016,0.063379005,doc_01284
0.08481872,0.05545542,0.060000315,0.0986166,0.102582194,0.057734232,0.051368836,0.055672478,0.044195123,0.037360083,0.04245907,0.041278835,0.1265043,0.0811143,0.060839523,doc_01285
0.12223016,0.08260409,0.044555962,0.07359345,0.04605958,0.07597854,0.06813609,0.06094476,0.06535754,0.05357217,0.049863074,0.04572063,0.07414547,0.07599673,0.061241746,doc_01286
0.15539911,0.03882429,0.028171992,0.03703366,0.0370822,0.1504061,0.13394885,0.034570705,0.105723865,0.038423523,0.041357752,0.046581164,0.06416553,0.035873026,0.05243822,doc_01287
0.07061201,0.026612971,0.031203441,0.29643902,0.028633319,0.024971856,0.02528859,0.029157955,0.26406512,0.02753543,0.04946817,0.026543425,0.0292316,0.027976278,0.042260762,doc_01288
0.6018453,0.02064324,0.03181463,0.07909497,0.018240318,0.019667964,0.018621087,0.026047397,0.02375614,0.03501458,0.02521862,0.020876288,0.021742044,0.026037028,0.03138033,doc_01289
0.6061903,0.024503866,0.037259832,0.05040886,0.023459671,0.022768326,0.022755207,0.030030381,0.026556691,0.027338123,0.029890204,0.020286469,0.023722962,0.022826599,0.032002497,doc_01290
0.27908117,0.03144998,0.040928613,0.2492919,0.036246214,0.029954763,0.030436777,0.032618687,0.03614186,0.0492851,0.037378956,0.033997264,0.030974062,0.034595963,0.047618683,doc_01291
0.055122506,0.01463416,0.023369968,0.41349384,0.01748033,0.011595703,0.011555906,0.029432606,0.02012615,0.031480785,0.024116369,0.013491054,0.019339396,0.01787949,0.29688177,doc_01292
0.09859116,0.044246536,0.06769256,0.073307015,0.08381696,0.060886335,0.057544913,0.08556415,0.05281643,0.09924276,0.054526135,0.052658044,0.05574773,0.049202036,0.064157285,doc_01293
0.05985038,0.035398833,0.10241079,0.24520098,0.07821577,0.040037908,0.039334882,0.04778772,0.045096245,0.041815702,0.08866663,0.047453407,0.034094896,0.040788263,0.053847622,doc_01294
0.038083915,0.034238942,0.030442042,0.035328675,0.030464113,0.14314426,0.12694944,0.18476792,0.037292786,0.15894629,0.03317186,0.036127675,0.030608444,0.031171411,0.049262207,doc_01295
0.018411698,0.01622462,0.017136052,0.017252287,0.016699212,0.014419548,0.0147386035,0.016211452,0.015489277,0.016748039,0.0155171845,0.014555431,0.014202487,0.016430888,0.77596325,doc_01296
0.06489507,0.05965196,0.057383694,0.05566127,0.054546773,0.05028652,0.050279222,0.061964475,0.05207258,0.052717086,0.05306093,0.05712783,0.059633948,0.20812011,0.06259854,doc_01297
0.03996557,0.050835248,0.03702786,0.043493968,0.045924783,0.044196874,0.042466003,0.037254285,0.04974279,0.03551794,0.03815669,0.038397986,0.20207793,0.24212538,0.052816793,doc_01298
0.53709984,0.026070839,0.034340154,0.042027157,0.02391678,0.027301943,0.02631717,0.02936396,0.03918702,0.055502597,0.04126938,0.019595476,0.032045532,0.028680366,0.037281863,doc_01299
0.61044693,0.020199077,0.01933786,0.058709014,0.017914997,0.015803276,0.017219694,0.034107257,0.023230884,0.058372054,0.0470835,0.015969612,0.017277807,0.014747679,0.029580282,doc_01300
0.4502154,0.047547847,0.034303144,0.036815286,0.027361581,0.03315854,0.028945915,0.031535916,0.035250127,0.037836846,0.04198868,0.043303944,0.05671773,0.05046408,0.044554934,doc_01301
0.4371286,0.12507276,0.05084952,0.04519049,0.028969422,0.028932486,0.025696479,0.031151261,0.032610074,0.027163787,0.038832087,0.027166065,0.027812744,0.03460827,0.038815975,doc_01302
0.044011895,0.019943321,0.03577323,0.047096454,0.03612135,0.017846279,0.020000866,0.42774954,0.030291501,0.10081704,0.030912206,0.015956659,0.05335131,0.08474182,0.03538651,doc_01303
0.08375727,0.038704935,0.12919486,0.15466247,0.048633795,0.04772122,0.046204604,0.053916298,0.076227576,0.04602076,0.07699429,0.051953804,0.04045223,0.046400353,0.0591555,doc_01304
0.06063866,0.1705883,0.02608058,0.03707322,0.023901276,0.12927985,0.113452315,0.22279003,0.025031267,0.037754603,0.024906736,0.024566492,0.027496424,0.031479135,0.04496107,doc_01305
0.0347574,0.034346655,0.029449603,0.03173061,0.03611899,0.091737464,0.0786901,0.04407019,0.036661744,0.04447816,0.053930897,0.36671972,0.035720225,0.03418817,0.047400016,doc_01306
0.091965646,0.041496433,0.056788996,0.054159403,0.044610377,0.097861245,0.08909502,0.09585518,0.051085614,0.15852949,0.04524575,0.038671333,0.037958935,0.0391657,0.05751085,doc_01307
0.09258236,0.042031627,0.068927094,0.0921169,0.049693964,0.06333162,0.061442822,0.096525736,0.056456115,0.10224181,0.05912506,0.049357135,0.057957247,0.04588681,0.062323656,doc_01308
0.05075656,0.038758148,0.036813516,0.038513664,0.030817196,0.138281,0.109245546,0.1329161,0.0872956,0.12848298,0.04966633,0.035110556,0.03053616,0.037155226,0.05565145,doc_01309
0.06697424,0.042905457,0.035449114,0.038007982,0.036688376,0.08093244,0.05324705,0.042838264,0.08311714,0.042227156,0.12061727,0.15856418,0.07682086,0.063519314,0.058091227,doc_01310
0.06792544,0.116821356,0.04543331,0.06765942,0.0612015,0.09841405,0.08622107,0.044477783,0.058655646,0.06404722,0.048249338,0.057889085,0.06068429,0.05908461,0.06323585,doc_01311
0.042664755,0.04319091,0.03835207,0.046132836,0.12757611,0.082440265,0.07047719,0.046869826,0.069606505,0.036286596,0.04190178,0.049207497,0.14080442,0.10553406,0.05895513,doc_01312
0.098197624,0.04600879,0.045886286,0.049748443,0.0889394,0.08539769,0.07699541,0.13179351,0.054174386,0.046356358,0.045918085,0.0419005,0.07782811,0.050889097,0.059966262,doc_01313
0.033864204,0.02225761,0.024833176,0.029698147,0.33031905,0.22716032,0.035534382,0.0409685,0.034031406,0.023501625,0.02968278,0.032986,0.06871098,0.026078306,0.040373538,doc_01314
0.22732355,0.03194281,0.03892281,0.048745718,0.10148504,0.0434939,0.0400763,0.047881626,0.1547766,0.035527267,0.045868613,0.035977904,0.06143028,0.034345537,0.052201994,doc_01315
0.10245399,0.024344003,0.023093501,0.028126894,0.15629627,0.15438727,0.030292802,0.03413432,0.024717046,0.02363544,0.024711909,0.026842978,0.14813572,0.15392376,0.044904046,doc_01316
0.21662527,0.030655166,0.055485252,0.046483733,0.31032202,0.02742463,0.026631929,0.026453126,0.032195818,0.029917195,0.04630959,0.0352366,0.029251127,0.04324296,0.043765612,doc_01317
0.027731344,0.028706439,0.024778998,0.02787462,0.21748173,0.13866901,0.10997105,0.19915052,0.02657171,0.028377822,0.026973767,0.03559391,0.037609022,0.027804919,0.04270513,doc_01318
0.036136273,0.030908607,0.03152248,0.024769256,0.30905575,0.028849466,0.027102016,0.33260545,0.02419231,0.02689051,0.022089725,0.029152451,0.020906886,0.021440264,0.03437854,doc_01319
0.08458373,0.12962726,0.038008504,0.07760142,0.032691028,0.035193443,0.033949718,0.033245962,0.03307819,0.035592016,0.2581235,0.07795423,0.042608008,0.03602386,0.05171915,doc_01320
0.41230854,0.0541502,0.030679038,0.04024745,0.036083363,0.08277744,0.05611188,0.03896312,0.029893463,0.046623155,0.0361656,0.029748287,0.032827508,0.030737454,0.042683445,doc_01321
0.10600765,0.031365983,0.08615993,0.12439529,0.038631782,0.027628986,0.0288166,0.08268096,0.034065753,0.23574172,0.031568456,0.030039687,0.040502,0.052059885,0.0503353,doc_01322
0.041720655,0.034429736,0.039120022,0.041001387,0.06381905,0.14203568,0.122805364,0.12291814,0.041403268,0.060176976,0.057180185,0.032495696,0.11339433,0.034410555,0.05308893,doc_01323
0.096855655,0.046241276,0.047330286,0.060138524,0.042610686,0.115403324,0.100380436,0.05581209,0.04731301,0.05500469,0.12749678,0.045941077,0.045567032,0.051910855,0.061994255,doc_01324
0.075679824,0.04836911,0.14540604,0.062890194,0.07623878,0.074430294,0.06531511,0.050642695,0.045712955,0.064675815,0.051931076,0.059745364,0.053083986,0.062814325,0.063064486,doc_01325
0.43884403,0.037015036,0.05207801,0.046547666,0.0698447,0.035852756,0.03358841,0.040799513,0.036362782,0.04464522,0.03417519,0.029930167,0.027491532,0.030247204,0.04257783,doc_01326
0.038897045,0.5442045,0.030685237,0.035150163,0.028007299,0.030352157,0.02977598,0.035873264,0.029228372,0.029846558,0.035099808,0.037815277,0.028885996,0.028117936,0.038060475,doc_01327
0.03993167,0.041421082,0.037150044,0.037301764,0.0520603,0.040454686,0.039750416,0.038021658,0.044479605,0.038021658,0.04458326,0.053192165,0.040244516,0.40448648,0.04890069,doc_01328
0.06865948,0.05526351,0.049251962,0.05777605,0.13186325,0.05410092,0.05279325,0.095629044,0.0597172,0.04909428,0.04896909,0.047106847,0.10650675,0.06124547,0.06202291,doc_01329
0.42182544,0.03509792,0.06319055,0.050109528,0.039815404,0.04148145,0.03985636,0.046094798,0.03825769,0.03177847,0.041330535,0.042471208,0.026732715,0.03708685,0.04487113,doc_01330
0.032115176,0.0364555,0.3121432,0.024397021,0.3770055,0.023037955,0.022500789,0.02022802,0.021465862,0.020838743,0.02028601,0.01937698,0.017126802,0.022137215,0.030885234,doc_01331
0.08788493,0.07257704,0.097455196,0.08864694,0.1021537,0.06664864,0.06118391,0.041808646,0.05736582,0.046258457,0.047601826,0.082933165,0.04354607,0.04186978,0.062065914,doc_01332
0.08531641,0.08926504,0.047806066,0.080820695,0.12794311,0.07062847,0.06565472,0.06317625,0.04240642,0.08950811,0.048514746,0.042500034,0.038651973,0.047256738,0.060551204,doc_01333
0.03842483,0.028646993,0.039525464,0.043882165,0.043272205,0.03211439,0.03146242,0.032164432,0.5005798,0.03208143,0.03519804,0.03736716,0.03563789,0.0295334,0.040109377,doc_01334
0.3770767,0.040614966,0.07102011,0.06202182,0.04977682,0.035081033,0.034578428,0.046577923,0.06603958,0.041142475,0.035418212,0.037295453,0.02984517,0.028300978,0.045210436,doc_01335
0.037303135,0.5505535,0.03132953,0.028596161,0.04001414,0.037859652,0.033730965,0.043645523,0.027498063,0.029518412,0.027507735,0.025121145,0.025634762,0.02519195,0.036495328,doc_01336
0.23626652,0.33903003,0.0376063,0.03358989,0.04005356,0.03152461,0.030194098,0.03447046,0.030849671,0.027899347,0.03322938,0.028525284,0.028655114,0.026869494,0.041236207,doc_01337
0.16436423,0.05451654,0.052455813,0.030197036,0.023329705,0.17899585,0.036816027,0.2583612,0.024883315,0.036764167,0.027732553,0.02428148,0.021953333,0.022623716,0.042725123,doc_01338
0.44849408,0.056222126,0.04388503,0.047897853,0.022741567,0.028860327,0.02722203,0.0400366,0.03391558,0.044235047,0.037261058,0.025919134,0.02499031,0.03494396,0.08337532,doc_01339
0.20214328,0.09876787,0.122693256,0.12227384,0.040715642,0.03841996,0.038369633,0.037662834,0.04571863,0.03937192,0.04176232,0.041682765,0.040926773,0.03548579,0.054005515,doc_01340
0.08837235,0.06231589,0.058581516,0.11539548,0.047089644,0.053728722,0.05664006,0.094455115,0.06066081,0.08292561,0.06321167,0.048887677,0.049566336,0.053686526,0.06448252,doc_01341
0.29760376,0.02926176,0.03802905,0.24678303,0.031290904,0.024476143,0.024241125,0.031276505,0.03532309,0.033069015,0.043139216,0.02545843,0.02230075,0.03076325,0.08698399,doc_01342
0.10185337,0.050203398,0.11807778,0.08977728,0.071153045,0.062363513,0.06175584,0.07127912,0.05904196,0.04951306,0.05161524,0.04760354,0.05048526,0.052198842,0.06307884,doc_01343
0.2459035,0.031409685,0.02915867,0.03339873,0.29208595,0.050837804,0.03589537,0.04339695,0.03342313,0.031946573,0.033032384,0.03329304,0.03260101,0.030998413,0.042618718,doc_01344
0.07734762,0.16152143,0.03654314,0.06468284,0.04281688,0.06015874,0.057973165,0.04465575,0.07431405,0.045179844,0.047023475,0.06013115,0.12426556,0.043960318,0.059426077,doc_01345
0.24557784,0.044740442,0.027682401,0.04034562,0.015556217,0.02403853,0.022168798,0.018120252,0.39497975,0.022956809,0.022644175,0.034765527,0.03477849,0.019055141,0.03259008,doc_01346
0.19431004,0.21342774,0.032514587,0.044031203,0.026012842,0.033103023,0.0313763,0.032459587,0.15421848,0.039860725,0.032215342,0.048623867,0.04244056,0.028153513,0.04725224,doc_01347
0.098390765,0.052290436,0.042423975,0.04460644,0.038102116,0.04104214,0.04147595,0.041225925,0.082123145,0.1323519,0.045754835,0.068274,0.11588008,0.097500354,0.05855788,doc_01348
0.09538201,0.17141977,0.03150652,0.039351054,0.036080893,0.03746495,0.035307314,0.087339155,0.03784644,0.045895513,0.033674993,0.03980739,0.13409072,0.121208355,0.053624943,doc_01349
0.07139148,0.05171074,0.040234562,0.046426464,0.099789925,0.06600464,0.043318734,0.04188055,0.049388036,0.040946156,0.16566944,0.13999449,0.04332804,0.042880032,0.057036776,doc_01350
0.11495951,0.2592881,0.044267222,0.035320442,0.10207207,0.038576834,0.037119575,0.084093995,0.038069237,0.03791241,0.04065229,0.038968075,0.040609505,0.037002396,0.051088396,doc_01351
0.04057411,0.036106173,0.02955944,0.030400146,0.06280765,0.28701407,0.2423108,0.038044497,0.03127456,0.031032883,0.025429582,0.026863283,0.045095555,0.03182202,0.041665234,doc_01352
0.22760865,0.15619919,0.043972418,0.048748355,0.041012246,0.048315458,0.03922487,0.08513181,0.04339063,0.041294575,0.043986473,0.050106615,0.03765938,0.04022094,0.053128403,doc_01353
0.23898537,0.33717078,0.041980132,0.034544967,0.034900587,0.03832066,0.036725152,0.04169535,0.024878955,0.031048123,0.027361851,0.022259105,0.027273502,0.024061995,0.038793508,doc_01354
0.11682073,0.22795452,0.05395258,0.08760755,0.05143612,0.038649324,0.03703452,0.04002774,0.08035002,0.046066556,0.039887827,0.03957478,0.040522236,0.045293987,0.05482156,doc_01355
0.121938415,0.0502113,0.04409519,0.08409471,0.04982225,0.07986616,0.0737803,0.047175072,0.042437725,0.09353847,0.11574769,0.042461228,0.05091327,0.044198934,0.059719328,doc_01356
0.31882873,0.037620533,0.05189189,0.059825942,0.11572266,0.03428167,0.03357461,0.03448512,0.0532626,0.031474847,0.048894987,0.041635763,0.032826304,0.053871736,0.051802658,doc_01357
0.20174561,0.32152435,0.0281106,0.03301284,0.027795808,0.063332155,0.033193704,0.029970752,0.03668406,0.030321103,0.029864063,0.03155968,0.039131135,0.045751736,0.04800242,doc_01358
0.060142495,0.08403577,0.0674192,0.054831278,0.06782447,0.09237407,0.07776122,0.060591444,0.06135022,0.06416993,0.05440196,0.064194396,0.06584695,0.059968002,0.065088674,doc_01359
0.0777483,0.05037575,0.06800389,0.05940078,0.10534702,0.07855812,0.076772444,0.062578365,0.06774672,0.044754602,0.060168047,0.057109382,0.08345544,0.044302657,0.06367844,doc_01360
0.03463092,0.031165566,0.02933857,0.034758415,0.02621357,0.031840574,0.032377403,0.028522871,0.29753622,0.03279467,0.031642225,0.09766776,0.21208,0.035889626,0.04354155,doc_01361
0.41338784,0.042962838,0.040440585,0.04310528,0.043934625,0.041257165,0.03941239,0.028866235,0.03442309,0.054257642,0.0310079,0.04569671,0.05055047,0.044595696,0.04610163,doc_01362
0.45199955,0.03127892,0.036777835,0.06220763,0.03952204,0.029698972,0.027542584,0.03523416,0.05682965,0.0356527,0.051245116,0.0399997,0.025280137,0.031166233,0.04556475,doc_01363
0.10459686,0.10844278,0.043634105,0.09714716,0.040257726,0.059571642,0.06778532,0.08821806,0.045356315,0.04660892,0.04896049,0.07509781,0.043782063,0.06752337,0.06301744,doc_01364
0.0388299,0.033429854,0.03403586,0.035112012,0.030113861,0.12491602,0.068230264,0.0328166,0.029680151,0.03529161,0.037871063,0.39478496,0.032751977,0.02852344,0.043612424,doc_01365
0.04196649,0.031146446,0.032226566,0.032958508,0.24374424,0.09681418,0.078308776,0.10163432,0.034908444,0.038168002,0.037427343,0.03842598,0.10521914,0.03610465,0.050946917,doc_01366
0.22477396,0.030016897,0.026243862,0.041652426,0.035207238,0.040335383,0.1657563,0.18434992,0.03470422,0.034137964,0.033653494,0.025788609,0.038916882,0.03765786,0.04680504,doc_01367
0.059243884,0.06415248,0.039078597,0.03994019,0.14570023,0.070927694,0.060666207,0.0636248,0.04425196,0.04281015,0.07764084,0.058228794,0.08372124,0.08943264,0.06058027,doc_01368
0.09171243,0.0915894,0.0404323,0.039848812,0.036969956,0.08713396,0.08006389,0.040616162,0.040525336,0.039462388,0.040816296,0.08977453,0.13213135,0.09027981,0.05864342,doc_01369
0.23415995,0.027928518,0.021167485,0.023910932,0.025281813,0.22201522,0.18598387,0.024779726,0.024635809,0.03144391,0.03481962,0.052956186,0.032729268,0.019353427,0.03883418,doc_01370
0.08939845,0.44700497,0.033815,0.038665302,0.036037795,0.032486293,0.032347307,0.03877896,0.038823325,0.030292707,0.03790868,0.034266904,0.033739563,0.03288966,0.04354507,doc_01371
0.040538706,0.6247953,0.02567392,0.024111148,0.021548135,0.025979565,0.023238968,0.02607628,0.02400492,0.029673675,0.030696526,0.022729108,0.022174165,0.028571371,0.03018822,doc_01372
0.52486277,0.025463052,0.033709552,0.090585105,0.022716055,0.01968028,0.019096432,0.039856285,0.03963823,0.037433416,0.04226152,0.0216144,0.023494368,0.023349341,0.036239177,doc_01373
0.29868028,0.024747737,0.03464713,0.29436064,0.033677604,0.024529807,0.026406435,0.0280497,0.03184265,0.05343234,0.0333346,0.025493635,0.025382368,0.025670316,0.039744787,doc_01374
0.12125217,0.050228626,0.03548628,0.047311928,0.16039711,0.106329165,0.035874374,0.18491289,0.03423168,0.02874577,0.031928673,0.0323088,0.039135054,0.040999804,0.050857686,doc_01375
0.5593222,0.030137267,0.033155262,0.043583017,0.020336092,0.035104074,0.02948036,0.059354138,0.027446372,0.04751357,0.026732262,0.016609646,0.01800148,0.020059248,0.033164997,doc_01376
0.03679252,0.029437615,0.032286555,0.02830821,0.02644178,0.08387722,0.034654763,0.5254919,0.026632983,0.031034116,0.026136572,0.024860004,0.027118538,0.029151233,0.037776053,doc_01377
0.22049417,0.031021725,0.17904292,0.034296602,0.19204287,0.024588889,0.023367833,0.024351723,0.026635686,0.02876657,0.035153702,0.049911685,0.026031863,0.060051728,0.04424199,doc_01378
0.11800706,0.1232224,0.034738228,0.035045173,0.033594113,0.033043083,0.030119162,0.027580772,0.040483642,0.028951522,0.06165936,0.1520925,0.033526953,0.1982653,0.049670763,doc_01379
0.21426702,0.034367252,0.036592133,0.03761468,0.22921558,0.031355735,0.03193585,0.03283899,0.0358322,0.055289257,0.037412036,0.033632312,0.05635704,0.08633423,0.046955682,doc_01380
0.10620508,0.027679855,0.02825844,0.032552417,0.03406826,0.11769348,0.103546165,0.20048921,0.1111221,0.04396331,0.036722813,0.03728155,0.041796394,0.02976865,0.04885226,doc_01381
0.15297289,0.03580956,0.032689113,0.122679844,0.033843175,0.033079904,0.032098297,0.03826128,0.0317009,0.03821993,0.28436196,0.034967903,0.039494943,0.040852148,0.048968166,doc_01382
0.03698439,0.043674886,0.027618965,0.03172658,0.029847385,0.03580781,0.032395538,0.029843776,0.028001713,0.03326217,0.03224915,0.029598529,0.53818214,0.032652047,0.038154874,doc_01383
0.08760323,0.12232595,0.039368927,0.032844998,0.124239735,0.07749916,0.069679655,0.032846633,0.028900191,0.029424405,0.026030593,0.028080205,0.21167532,0.038892396,0.050588615,doc_01384
0.03757964,0.031846985,0.03264662,0.033822227,0.3191214,0.10043163,0.04688465,0.12903966,0.033642825,0.033753533,0.03462343,0.034792047,0.043266755,0.040679265,0.04786929,doc_01385
0.11249747,0.035294283,0.032931898,0.03625774,0.13009065,0.102075405,0.07774978,0.15350302,0.031287774,0.030254647,0.031193534,0.03622847,0.0981455,0.0400498,0.052440077,doc_01386
0.064801775,0.048770625,0.058806773,0.10854562,0.0727674,0.06666658,0.06043667,0.058450647,0.067517154,0.086490065,0.062368564,0.06692807,0.0564278,0.0570275,0.06399473,doc_01387
0.11508189,0.059306704,0.044468753,0.10374483,0.042483643,0.04598721,0.0451483,0.072519496,0.076730646,0.050566208,0.087331966,0.11117923,0.043916423,0.041544043,0.059990697,doc_01388
0.14258337,0.03765646,0.041435353,0.041544788,0.030105444,0.10514165,0.08279154,0.09197229,0.031819373,0.03605977,0.035034493,0.18593845,0.057446532,0.030001687,0.050468843,doc_01389
0.03263921,0.03130034,0.021053333,0.026570277,0.03223784,0.1674284,0.13883969,0.067582905,0.028753534,0.029842522,0.03115059,0.2975065,0.029220002,0.02416421,0.041710656,doc_01390
0.061859757,0.040767424,0.0436705,0.039780628,0.040390335,0.09967159,0.08630718,0.044406407,0.04092804,0.04417182,0.040164806,0.21881925,0.09925329,0.04467526,0.055133685,doc_01391
0.15608354,0.046602003,0.025147088,0.03549205,0.032999996,0.11004291,0.092651874,0.032006186,0.032798894,0.030479625,0.037134565,0.1952012,0.09630069,0.028783355,0.04827607,doc_01392
0.12185103,0.11759343,0.037644483,0.038730685,0.039548993,0.08933377,0.08051709,0.03821191,0.04150184,0.0441079,0.040571652,0.12777829,0.08829996,0.03648626,0.057822667,doc_01393
0.43133286,0.066591054,0.0379104,0.05649108,0.031124143,0.03913575,0.03463437,0.029949328,0.036023203,0.032275498,0.04939182,0.041777976,0.041392222,0.02988217,0.04208817,doc_01394
0.10301282,0.044656057,0.043804254,0.07759345,0.14539081,0.07337606,0.068229355,0.10703545,0.04698892,0.04602651,0.052117493,0.0404094,0.04759521,0.044834685,0.05892947,doc_01395
0.25904232,0.28162032,0.03228947,0.046800226,0.039290916,0.031583194,0.026908686,0.036318183,0.03447215,0.027489413,0.027440814,0.03243335,0.03232843,0.04859309,0.043389402,doc_01396
0.510671,0.021005895,0.051908046,0.049086064,0.026345883,0.018777577,0.018514875,0.032210972,0.025174012,0.09432948,0.045675423,0.021533167,0.023932638,0.025520781,0.035314202,doc_01397
0.15482037,0.029083567,0.03408573,0.14104758,0.028827649,0.10959683,0.093101345,0.1412624,0.03762603,0.043733876,0.034620192,0.031255383,0.033835985,0.035467222,0.051635806,doc_01398
0.047708917,0.053881567,0.04457211,0.049531255,0.047394045,0.0706656,0.06715317,0.047757767,0.049610604,0.047557652,0.07181631,0.22383885,0.07233792,0.047235526,0.05893869,doc_01399
0.08266289,0.043737143,0.10990238,0.07769298,0.05830761,0.05237811,0.05050165,0.08073373,0.06971792,0.07315069,0.05979756,0.09282784,0.043537837,0.043228395,0.06182331,doc_01400
0.086422145,0.110093005,0.056743078,0.045760117,0.063649155,0.10362908,0.077999495,0.06887308,0.044536367,0.089112796,0.04483644,0.041647095,0.043988444,0.06005419,0.06265549,doc_01401
0.5184797,0.030726869,0.041729745,0.06695177,0.01992548,0.020763189,0.01933329,0.04406414,0.03252318,0.04538401,0.037977707,0.020736167,0.029458415,0.032559026,0.03938734,doc_01402
0.31074253,0.032359764,0.03601381,0.29557315,0.021623185,0.023555985,0.021623464,0.039218877,0.027865833,0.034817316,0.03811839,0.023400838,0.02824555,0.02910297,0.037738327,doc_01403
0.054305077,0.040628992,0.03482193,0.030105952,0.047271904,0.09983786,0.09132027,0.04492531,0.0718566,0.03906361,0.08916134,0.13581683,0.08202322,0.08043924,0.058421846,doc_01404
0.11996652,0.04121403,0.03978047,0.043710735,0.0860476,0.11006958,0.0941948,0.12130012,0.08921168,0.047031242,0.035563268,0.037073385,0.042053428,0.03680128,0.055981833,doc_01405
0.07442795,0.051940165,0.05067273,0.124938875,0.085925356,0.06379584,0.060304347,0.10964189,0.06864099,0.060620118,0.047865976,0.04816298,0.046170782,0.046089347,0.060802724,doc_01406
0.13114737,0.042351726,0.033810347,0.038939543,0.32196176,0.041737292,0.03932112,0.05226757,0.04235699,0.042806588,0.037719183,0.046562184,0.04586665,0.034161814,0.048989903,doc_01407
0.14982519,0.15140103,0.07550677,0.044146232,0.036778033,0.055053573,0.05019082,0.093164235,0.09295352,0.050849143,0.0349868,0.035055716,0.035549816,0.03862318,0.05591592,doc_01408
0.52049166,0.023304021,0.040555768,0.078991406,0.024902204,0.020625167,0.02000241,0.040263683,0.026100403,0.055849362,0.036612507,0.018914398,0.019771636,0.030474525,0.04314081,doc_01409
0.032672778,0.035755284,0.034697257,0.03454711,0.031454045,0.271884,0.1644161,0.03982184,0.03607785,0.14308363,0.03266911,0.031245554,0.03400924,0.031210508,0.04645571,doc_01410
0.2934452,0.2855086,0.043541342,0.032789804,0.03964533,0.02719279,0.024766514,0.04129608,0.025258042,0.027934043,0.02536866,0.0363798,0.026300296,0.03057256,0.040000945,doc_01411
0.06425066,0.049296368,0.08499668,0.147391,0.062541306,0.0496517,0.050002974,0.07332971,0.06125682,0.049686663,0.049009383,0.057703823,0.08589074,0.053432222,0.061559945,doc_01412
0.41062424,0.06311822,0.04124152,0.06069331,0.03559115,0.03659087,0.033775337,0.03203779,0.04613186,0.038166367,0.036092483,0.03573982,0.04173205,0.04273616,0.045728784,doc_01413
0.41374812,0.027434267,0.028058838,0.07307184,0.023176473,0.03805431,0.03765289,0.08369916,0.04455555,0.07754066,0.031122776,0.025092337,0.03149588,0.024272967,0.041023906,doc_01414
0.06308043,0.4581009,0.02900545,0.044198368,0.02667161,0.033067655,0.030075962,0.023130462,0.05375855,0.030402867,0.03229813,0.043250192,0.06826808,0.027150989,0.03754047,doc_01415
0.2635766,0.32178402,0.026992647,0.030100062,0.020151045,0.026007563,0.026857896,0.018818839,0.04652387,0.021190464,0.03219774,0.043897927,0.060838465,0.024584105,0.03647866,doc_01416
0.0678382,0.10917974,0.04360975,0.06901497,0.067119546,0.064109094,0.06240536,0.07092373,0.08371002,0.054682564,0.07846763,0.046553276,0.049629074,0.069542654,0.06321433,doc_01417
0.18164638,0.04771569,0.13818009,0.22366859,0.0339077,0.038285423,0.035045173,0.03924703,0.043024715,0.029810868,0.03708827,0.033016525,0.039590746,0.032795176,0.046977557,doc_01418
0.12223041,0.057808686,0.03139664,0.034742124,0.029396037,0.031654995,0.030500932,0.02712067,0.20391068,0.03153972,0.03172344,0.1327736,0.15645231,0.030699534,0.048050206,doc_01419
0.042178772,0.03337162,0.031775087,0.043078553,0.03185989,0.34939855,0.039844185,0.044507805,0.04049915,0.043748148,0.041672498,0.030226812,0.04958653,0.12837495,0.04987737,doc_01420
0.42341948,0.028857753,0.04808302,0.053516377,0.033743538,0.031888567,0.03053555,0.033688188,0.03249216,0.051132202,0.03749578,0.033071242,0.07124591,0.046392813,0.04443742,doc_01421
0.42928565,0.12357344,0.031108316,0.036435906,0.033399247,0.027207157,0.026183248,0.033241116,0.026429102,0.042593442,0.0426557,0.030031629,0.04623564,0.036856964,0.034763455,doc_01422
0.4506344,0.022908913,0.050020777,0.052998155,0.0532831,0.023486802,0.021998126,0.0345381,0.029767144,0.0375287,0.06991832,0.02905854,0.03787689,0.043141793,0.04284016,doc_01423
0.02568791,0.01824431,0.028714897,0.024984969,0.03763886,0.04339582,0.04378386,0.067771226,0.04121247,0.044711597,0.018303258,0.01573827,0.045151357,0.5121372,0.032524053,doc_01424
0.09186614,0.042911284,0.10052511,0.04573499,0.040939163,0.14556171,0.12034513,0.044767205,0.04225809,0.038956523,0.08231608,0.06416925,0.04296442,0.03870054,0.057984382,doc_01425
0.220201,0.14287417,0.043889236,0.044855762,0.039222114,0.04136364,0.039618537,0.043211583,0.12747388,0.044222314,0.04145858,0.042604174,0.04105437,0.036017418,0.051933195,doc_01426
0.44465816,0.028262911,0.062099244,0.067205705,0.031587537,0.038578134,0.033744145,0.047681384,0.035900604,0.03620535,0.039008185,0.02937271,0.034848604,0.029351057,0.041496273,doc_01427
0.05940328,0.073483266,0.04757124,0.04854268,0.04901366,0.0733271,0.07110652,0.056765907,0.08223004,0.05894467,0.076790385,0.07840152,0.107096724,0.053821478,0.06350157,doc_01428
0.101659104,0.11088219,0.028827576,0.027520197,0.03413723,0.10970171,0.09674646,0.032249175,0.09124134,0.027643196,0.032008413,0.102243885,0.12116867,0.032079842,0.051890973,doc_01429
0.104480766,0.07544051,0.053731494,0.07697283,0.04933178,0.08762783,0.07759166,0.046181854,0.042274,0.099317804,0.04461388,0.04365876,0.054939773,0.08126815,0.062568896,doc_01430
0.07506138,0.06615569,0.08503996,0.049532037,0.04899708,0.10507919,0.09715149,0.052112434,0.04666536,0.045883056,0.060597707,0.090415254,0.0485368,0.06616416,0.06260837,doc_01431
0.18799508,0.048514128,0.05940497,0.09618816,0.048288997,0.049315073,0.04773049,0.070639305,0.08548745,0.060256515,0.049809538,0.053566203,0.04182486,0.042458333,0.058520857,doc_01432
0.0889443,0.1294153,0.036788784,0.0402717,0.033658132,0.12994325,0.107341446,0.053677157,0.041860532,0.10336719,0.062232565,0.040712688,0.03789081,0.037901264,0.055994865,doc_01433
0.47473934,0.032736424,0.037581924,0.055636488,0.02837933,0.03338538,0.031210437,0.045464505,0.035785973,0.046215754,0.03330035,0.04436961,0.029500091,0.030287743,0.04140659,doc_01434
0.19372325,0.22119017,0.019613778,0.020617617,0.021605743,0.07449873,0.027343936,0.020365648,0.21400072,0.020612895,0.027807945,0.030218206,0.0466919,0.024680847,0.037028674,doc_01435
0.12116652,0.06165867,0.0581396,0.08653344,0.05617907,0.061246045,0.058745325,0.07195695,0.05232403,0.059221,0.07613657,0.058799747,0.054218125,0.06042758,0.06324733,doc_01436
0.21155167,0.026658783,0.03376056,0.045200165,0.030151578,0.03436769,0.0325646,0.31798875,0.029257879,0.046018858,0.034474663,0.026581155,0.044153485,0.042775545,0.044494595,doc_01437
0.03426085,0.59042645,0.029719682,0.037102796,0.022480017,0.025560815,0.025668329,0.02829601,0.027171254,0.028132647,0.036002163,0.03204179,0.025124306,0.023876946,0.03413598,doc_01438
0.027519021,0.61839384,0.025674162,0.024183463,0.027253095,0.025304385,0.023429232,0.023546489,0.025661187,0.023937425,0.03618525,0.031867627,0.023941318,0.030820236,0.032283187,doc_01439
0.08331139,0.103221245,0.042214885,0.0395622,0.30658692,0.045586586,0.043455265,0.04758055,0.03429452,0.03545669,0.037043467,0.043973196,0.038111597,0.048135146,0.05146634,doc_01440
0.38312536,0.04967746,0.093251966,0.04374827,0.058707103,0.042624477,0.040078145,0.061563283,0.040512398,0.03381732,0.031806756,0.025001692,0.026273048,0.027045805,0.042766936,doc_01441
0.080336094,0.052825984,0.26043516,0.12009383,0.10305816,0.036082197,0.034560718,0.034688655,0.033033766,0.034627743,0.036309075,0.0403002,0.033156995,0.049602132,0.05088932,doc_01442
0.13992138,0.036590222,0.4541846,0.031758554,0.051046006,0.028484713,0.028351048,0.027710816,0.028640434,0.023506764,0.025013361,0.024979943,0.021956623,0.039971188,0.037884302,doc_01443
0.07422893,0.035512052,0.15250996,0.036664482,0.349834,0.03683536,0.036489293,0.03782666,0.03343167,0.034055635,0.03187592,0.031949285,0.032510396,0.030876348,0.04540003,doc_01444
0.14657378,0.17130862,0.04549221,0.038220644,0.05511624,0.1142726,0.09450676,0.047874846,0.045351963,0.036839858,0.03449478,0.03451867,0.045049086,0.03685641,0.053523537,doc_01445
0.0949856,0.069908515,0.082269125,0.054101415,0.11300092,0.048252158,0.05431648,0.055855602,0.06790654,0.050167333,0.05702071,0.10245258,0.04428011,0.044427305,0.061055664,doc_01446
0.12815124,0.15766498,0.064069904,0.032514215,0.22417474,0.042117402,0.039117012,0.03621947,0.038056232,0.04380455,0.036536403,0.036477838,0.037701957,0.03401887,0.049375128,doc_01447
0.4065564,0.06093153,0.052515626,0.050767776,0.057957698,0.039689023,0.035521958,0.032041933,0.029804913,0.03389335,0.02176234,0.025684515,0.064875156,0.044352837,0.04364495,doc_01448
0.1800078,0.215194,0.18003677,0.04666225,0.047410972,0.029787336,0.029601296,0.037779663,0.030524405,0.028179474,0.031274617,0.026352512,0.038817234,0.031443354,0.046928354,doc_01449
0.034748003,0.03040091,0.052885417,0.032789912,0.050858937,0.16852349,0.15289761,0.13545601,0.111586414,0.053691585,0.040985335,0.028781015,0.02916852,0.027802136,0.04942473,doc_01450
0.13374773,0.05794149,0.12774754,0.088990614,0.086216725,0.05655262,0.053726666,0.046918735,0.05648959,0.04759197,0.04758268,0.03926449,0.048099034,0.04854224,0.060587943,doc_01451
0.11599329,0.15318468,0.23559043,0.030784653,0.14417258,0.028461661,0.028336091,0.027403275,0.034906648,0.025422681,0.0350556,0.028543731,0.033298638,0.034211826,0.044634253,doc_01452
0.13374771,0.057941478,0.12774752,0.08899061,0.08621675,0.05655261,0.05372666,0.04691873,0.056489583,0.047591962,0.047582675,0.039264485,0.04809903,0.048542235,0.060587935,doc_01453
0.11195376,0.24955763,0.13025022,0.037918936,0.034310523,0.036908552,0.038166046,0.037050538,0.035791773,0.027821345,0.031465884,0.112723134,0.035609677,0.032246992,0.048224982,doc_01454
0.20059784,0.039602023,0.041370355,0.03426743,0.35575125,0.031404983,0.029755766,0.032582734,0.027724205,0.02968086,0.035994396,0.03280217,0.026188632,0.040228356,0.042048957,doc_01455
0.47859344,0.030790204,0.043796137,0.029514201,0.060819075,0.032058734,0.031684756,0.025359862,0.03279519,0.04687829,0.049101517,0.02433157,0.036603615,0.04153021,0.03614315,doc_01456
0.080723435,0.08487308,0.12121113,0.038298503,0.26977542,0.042838547,0.040665828,0.037560802,0.037320532,0.035848405,0.03854557,0.036148325,0.03715982,0.047421437,0.051609214,doc_01457
0.13737868,0.11243224,0.07695846,0.114627354,0.05713992,0.044313338,0.04332094,0.06921876,0.05929628,0.05205812,0.053243645,0.036311142,0.037995562,0.047180086,0.05852545,doc_01458
0.12990932,0.033232644,0.031125808,0.12797056,0.037385233,0.11965563,0.03565575,0.031334735,0.089800596,0.035845567,0.037119407,0.031162644,0.16038133,0.047443967,0.051976778,doc_01459
0.061652243,0.057881657,0.07289528,0.16085741,0.046303056,0.055192374,0.05308217,0.05855653,0.06894913,0.045811817,0.061330914,0.06841402,0.065491445,0.061655138,0.061926764,doc_01460
0.14876442,0.05380574,0.1514233,0.11806539,0.03382132,0.08340686,0.079512045,0.038260706,0.039023712,0.045026686,0.043015964,0.0347851,0.036548115,0.039778035,0.054762658,doc_01461
0.07414511,0.0757921,0.041858748,0.049152937,0.086597405,0.098393574,0.0869525,0.051939595,0.08314585,0.04530847,0.049661204,0.048214506,0.09074012,0.055552028,0.062545925,doc_01462
0.19629209,0.037684627,0.022405643,0.03527141,0.023354206,0.1768367,0.10316525,0.17289765,0.024731252,0.04752025,0.02711391,0.019407881,0.041146565,0.029200692,0.04297189,doc_01463
0.31836718,0.03778077,0.033981662,0.053198706,0.0525782,0.098292425,0.043592956,0.040910956,0.046258222,0.0316548,0.047834978,0.049748175,0.053381227,0.043192357,0.049227335,doc_01464
0.16288902,0.036558736,0.0390157,0.18293115,0.03187251,0.035346452,0.035640456,0.03724646,0.17748405,0.041291755,0.04379255,0.04402707,0.043755118,0.03596935,0.05217957,doc_01465
0.09454255,0.0787791,0.0622208,0.103876404,0.044044714,0.040710703,0.040907193,0.04103542,0.07206862,0.04185249,0.073047586,0.06875865,0.09692213,0.079531886,0.061701722,doc_01466
0.41081414,0.03287441,0.03869808,0.053478,0.024729071,0.046132572,0.040339902,0.035164196,0.06066449,0.053956617,0.04278399,0.042820714,0.044268686,0.030828768,0.042446274,doc_01467
0.092059426,0.05553566,0.03976957,0.04498543,0.044287782,0.07681698,0.05048139,0.05013547,0.07782558,0.049317606,0.048355695,0.15932162,0.07972488,0.06889218,0.062490765,doc_01468
0.058187533,0.048368078,0.048190676,0.055185355,0.053585157,0.11294316,0.09339609,0.07093922,0.06868464,0.07605275,0.0659069,0.073033266,0.059022546,0.05286016,0.063644476,doc_01469
0.12844078,0.043430142,0.06963679,0.06428846,0.043348648,0.03792859,0.039069712,0.048050128,0.056154624,0.21069892,0.053803436,0.035858434,0.042629298,0.06975609,0.05690592,doc_01470
0.13051645,0.06119423,0.03693544,0.037195485,0.054978084,0.056384966,0.07210863,0.040300436,0.04249969,0.19564503,0.046038374,0.030007841,0.04323924,0.09650297,0.05645314,doc_01471
0.29874566,0.021816611,0.025618548,0.032800257,0.020011997,0.02000334,0.020031027,0.017231101,0.027017813,0.39343503,0.031995833,0.022523316,0.019477854,0.018850941,0.030440656,doc_01472
0.18345062,0.032328177,0.05553893,0.20607837,0.037276484,0.037774794,0.037866402,0.08681941,0.04110751,0.04594605,0.04980261,0.06432267,0.033228673,0.035636723,0.052822605,doc_01473
0.06763237,0.065995894,0.0448324,0.060297802,0.08616535,0.08779999,0.08657069,0.04233295,0.1356182,0.057166614,0.042448524,0.04492891,0.068848856,0.047659047,0.061702408,doc_01474
0.038590822,0.5427611,0.03645453,0.03307802,0.035541672,0.026428318,0.027871538,0.027645383,0.03232612,0.039551035,0.041798398,0.025412751,0.026977384,0.027948048,0.03761489,doc_01475
0.4566471,0.028423501,0.0318564,0.063065246,0.03283967,0.030357815,0.027933944,0.044890195,0.03451864,0.049407955,0.037060477,0.03823025,0.034983348,0.046267044,0.04351842,doc_01476
0.54411954,0.025870472,0.038769197,0.042293947,0.028718319,0.02326813,0.025352035,0.030456342,0.030878033,0.079321265,0.045361727,0.014747643,0.018446878,0.020474091,0.031922363,doc_01477
0.28204092,0.028188013,0.026339943,0.03783599,0.046950985,0.0326393,0.032560356,0.04241945,0.032981686,0.052312125,0.25963324,0.026568279,0.033036042,0.025370972,0.041122675,doc_01478
0.124755636,0.06307654,0.031493567,0.027748173,0.038967356,0.15947482,0.13993225,0.0406711,0.1268781,0.033281527,0.038008567,0.047535975,0.04175002,0.03458039,0.05184601,doc_01479
0.6049574,0.017818354,0.025833178,0.074391834,0.020524433,0.0145340115,0.015501611,0.02569312,0.023798043,0.047525898,0.04990702,0.012327375,0.017426806,0.021289205,0.028471692,doc_01480
0.42786223,0.054010727,0.034506503,0.03528064,0.033693235,0.0369724,0.03447921,0.040892556,0.03816487,0.044571646,0.062302478,0.07048353,0.020744774,0.027578812,0.038456418,doc_01481
0.32371858,0.01523521,0.021842446,0.39708397,0.015584007,0.01443587,0.015310517,0.021097962,0.027536953,0.038865358,0.039547138,0.013257774,0.01364093,0.015420319,0.027422909,doc_01482
0.6320073,0.020263396,0.038429685,0.044825293,0.024157235,0.017684257,0.018023714,0.024751097,0.020486124,0.038369004,0.047964334,0.013930089,0.015026171,0.01668432,0.027397925,doc_01483
0.08418646,0.39069563,0.04014013,0.047926426,0.036150783,0.04122043,0.041855354,0.035514195,0.046537295,0.03966582,0.035235826,0.034540664,0.04047969,0.03823542,0.047615886,doc_01484
0.4123216,0.06452936,0.03231901,0.036515303,0.04461747,0.039949726,0.038361046,0.035732273,0.06719339,0.037738655,0.036724642,0.03569447,0.04012469,0.03358445,0.044593927,doc_01485
0.14596272,0.051143657,0.11324366,0.06354236,0.115763254,0.07669991,0.048156384,0.08561061,0.040719524,0.043894395,0.04070949,0.038566086,0.03876022,0.040531732,0.056696035,doc_01486
0.08085428,0.042837407,0.042722024,0.040258903,0.072828,0.07540962,0.06888972,0.08675928,0.044084538,0.086947426,0.07479442,0.07914037,0.07945207,0.0620569,0.06296505,doc_01487
0.10466338,0.042758495,0.033202328,0.0504491,0.046658244,0.08672072,0.07992189,0.040278163,0.12577699,0.035480574,0.045205202,0.110348396,0.09892973,0.042347446,0.057259295,doc_01488
0.19862027,0.047352165,0.052501455,0.11356691,0.04895569,0.04226244,0.04241044,0.063379616,0.0666212,0.052748192,0.06529782,0.047783583,0.05108034,0.04471129,0.06270854,doc_01489
0.047970448,0.03906883,0.03352386,0.037015975,0.041508052,0.05486189,0.037857015,0.038797643,0.033487413,0.028517637,0.039676994,0.45880646,0.03857828,0.028328326,0.042001195,doc_01490
0.46900088,0.03283369,0.044309277,0.057391934,0.030507082,0.030642264,0.029251134,0.040407658,0.033733785,0.04221913,0.0460605,0.030274615,0.034113325,0.036827706,0.042426974,doc_01491
0.05105173,0.043168075,0.42711288,0.043900803,0.057620883,0.036035255,0.036436733,0.039198082,0.038551744,0.035577483,0.037915148,0.03478271,0.03711722,0.035529725,0.04600157,doc_01492
0.057342663,0.055363603,0.050797507,0.05284341,0.046329807,0.09742091,0.08781534,0.11683038,0.06332486,0.09535776,0.056222316,0.04720159,0.05796826,0.05209526,0.06308628,doc_01493
0.12414171,0.033402294,0.02633794,0.04438949,0.11605133,0.07678594,0.03211573,0.09166163,0.031953078,0.033557758,0.025657395,0.029701743,0.17508857,0.110017434,0.04913793,doc_01494
0.21651597,0.042899206,0.050342508,0.13281372,0.03942351,0.042297505,0.04195451,0.044002574,0.09833298,0.054668088,0.049357217,0.042918954,0.04337448,0.043689657,0.05740919,doc_01495
0.22777356,0.04099016,0.05372962,0.034023434,0.26590085,0.029851394,0.02929777,0.027625639,0.03680208,0.031012766,0.044329446,0.075795166,0.027935311,0.030454488,0.044478312,doc_01496
0.23667337,0.41738454,0.024560487,0.028171994,0.024022097,0.025600893,0.023739468,0.037559185,0.023035683,0.025735678,0.028929502,0.028576741,0.021215964,0.019891206,0.03490312,doc_01497
0.116972275,0.040471956,0.057216886,0.054734476,0.03955777,0.0864184,0.08061816,0.107102856,0.075152725,0.06508969,0.09307571,0.039157506,0.042811997,0.041618574,0.060001075,doc_01498
0.07148113,0.07582523,0.09750388,0.046421535,0.060626946,0.05828709,0.055688713,0.06463747,0.0664572,0.04211755,0.062609695,0.14000714,0.048803702,0.04780456,0.061728194,doc_01499
0.20851658,0.032467462,0.03036402,0.0341371,0.03104875,0.03733204,0.0334425,0.02907273,0.28123334,0.029692838,0.03247948,0.10130935,0.03854463,0.036978874,0.043380246,doc_01500
0.30860758,0.027661609,0.027738808,0.036439907,0.025678936,0.04189906,0.03693188,0.275682,0.027049132,0.03240564,0.038949013,0.024921997,0.026841799,0.029621473,0.039571118,doc_01501
0.03247591,0.11884378,0.032343283,0.028024755,0.04134414,0.032519463,0.030940255,0.029126873,0.0405586,0.036104713,0.08676633,0.19470207,0.030188954,0.21704063,0.049020268,doc_01502
0.49052775,0.038665753,0.04457586,0.056848526,0.041839257,0.030740572,0.03031549,0.04160446,0.02970768,0.035820626,0.029418588,0.029625557,0.030282022,0.029686283,0.040341523,doc_01503
0.14724566,0.0334826,0.02712284,0.037059348,0.02586398,0.03004622,0.029844668,0.026497383,0.20612109,0.039872866,0.03264528,0.15233101,0.13267687,0.033051662,0.046138603,doc_01504
0.18071115,0.023486422,0.1934065,0.037267104,0.16110985,0.026455037,0.025938716,0.14280635,0.02522264,0.03077374,0.03126238,0.028778827,0.022827933,0.026417695,0.043535642,doc_01505
0.09730309,0.034754537,0.041987445,0.04702728,0.03746253,0.13377126,0.08728948,0.17995504,0.041961044,0.05995553,0.07878975,0.03273782,0.034515258,0.037124615,0.055365346,doc_01506
0.44758895,0.055194493,0.058741916,0.03341313,0.03789134,0.043784305,0.035244707,0.045134325,0.029283084,0.040765163,0.038020365,0.030386364,0.029796109,0.034227107,0.04052866,doc_01507
0.2820423,0.3870533,0.026572686,0.04536138,0.021681484,0.022062415,0.020620681,0.028373126,0.025192542,0.022005297,0.021625375,0.019072363,0.021781562,0.023855828,0.032699697,doc_01508
0.52977777,0.0237489,0.059178308,0.07495434,0.036657702,0.020323476,0.019834185,0.032494146,0.028862782,0.033230763,0.029306574,0.019428935,0.029500587,0.02463723,0.038064327,doc_01509
0.28966367,0.029594356,0.04324784,0.038297728,0.029436106,0.031591583,0.026416758,0.2648938,0.02482273,0.0512891,0.04436389,0.024109093,0.026888346,0.03434385,0.041041084,doc_01510
0.41698694,0.079786405,0.046132073,0.048289254,0.027625784,0.03797753,0.035329223,0.051788103,0.037722465,0.04719843,0.030196985,0.025093574,0.041201346,0.031756632,0.04291518,doc_01511
0.15259634,0.023073513,0.035000313,0.15676753,0.027972637,0.022556568,0.022413054,0.19584927,0.026967889,0.1687504,0.026837574,0.027910436,0.034226526,0.031605355,0.04747256,doc_01512
0.09676347,0.10142501,0.10216295,0.043783974,0.0798142,0.07525573,0.07146241,0.054106787,0.04558799,0.05410795,0.07029692,0.041394982,0.051576007,0.049067307,0.06319436,doc_01513
0.033014994,0.023135664,0.027474554,0.037666462,0.023462506,0.022516578,0.022773677,0.02862081,0.02577459,0.024747,0.022789575,0.02177606,0.023551004,0.025149811,0.6375467,doc_01514
0.4087763,0.036851276,0.054218154,0.06944262,0.028685264,0.03152942,0.030526772,0.04805662,0.038819015,0.03722886,0.03960242,0.029221455,0.031700395,0.03545281,0.079888724,doc_01515
0.031589076,0.023435812,0.028017668,0.034711644,0.023337774,0.02198017,0.02219924,0.027700141,0.025228754,0.023927541,0.023165744,0.021744303,0.022827407,0.025179543,0.6449553,doc_01516
0.43685398,0.11691818,0.044447977,0.03481956,0.032261234,0.03285695,0.031805918,0.03347165,0.027820531,0.04076006,0.0396805,0.03202251,0.028686676,0.026507199,0.041087024,doc_01517
0.4202897,0.03920528,0.05758022,0.06328605,0.040958457,0.03345427,0.033627912,0.040632386,0.043137986,0.04188219,0.045258615,0.027652914,0.030165736,0.036866464,0.046001825,doc_01518
0.10850623,0.03918232,0.04299744,0.08559038,0.045836076,0.03275393,0.03226245,0.06588089,0.033531945,0.10737617,0.04400045,0.036271658,0.13146868,0.13512948,0.05921192,doc_01519
0.05916766,0.044664606,0.039308432,0.08235176,0.03975515,0.12692976,0.10857,0.11481184,0.048082914,0.05312218,0.043604665,0.04457858,0.08846451,0.04740674,0.05918117,doc_01520
0.5052054,0.024345817,0.065387,0.06091899,0.02823757,0.02530887,0.02461966,0.03182895,0.034782957,0.0408998,0.028669251,0.02509695,0.037229754,0.027524205,0.039944917,doc_01521
0.032855727,0.6343412,0.028970078,0.025480615,0.021418257,0.026325798,0.02461867,0.02219378,0.028990144,0.022139234,0.022778833,0.027739383,0.029004032,0.02213967,0.031004589,doc_01522
0.25800604,0.28550744,0.03283397,0.04684926,0.035086058,0.033772033,0.03246313,0.03330311,0.040494382,0.030170538,0.028312122,0.030381052,0.035746258,0.034129784,0.042944852,doc_01523
0.2814942,0.017175145,0.024990354,0.025558563,0.020364525,0.23873699,0.26575297,0.012083372,0.028803404,0.02541154,0.009965108,0.009717813,0.008197009,0.008164682,0.023584308,doc_01524
0.16986178,0.18814869,0.030990694,0.043626368,0.025076635,0.0371391,0.03698967,0.03446643,0.21558417,0.032467037,0.03420259,0.037267435,0.039241374,0.02865257,0.04628542,doc_01525
0.0981613,0.22988202,0.04995427,0.037734743,0.040404517,0.12677528,0.10697262,0.03606554,0.035552688,0.03479802,0.03533251,0.029899174,0.045533743,0.041823525,0.051110122,doc_01526
0.16097794,0.056676198,0.03774448,0.05032562,0.036063623,0.13545972,0.108906,0.11946942,0.033410672,0.03628966,0.036869466,0.06654361,0.0400947,0.029177792,0.051991053,doc_01527
0.040641975,0.03589839,0.03158349,0.031373616,0.53607905,0.023676878,0.02057698,0.018320277,0.025073718,0.021769343,0.02851293,0.051172145,0.041493736,0.058970865,0.03485661,doc_01528
0.04492917,0.048372634,0.03549057,0.031038037,0.4488967,0.037569556,0.029706856,0.0307585,0.03724373,0.03255043,0.033621475,0.02918313,0.084148735,0.040413633,0.03607685,doc_01529
0.104288764,0.06472374,0.10488705,0.09435014,0.08889603,0.046042863,0.04383189,0.07281139,0.07960835,0.052996174,0.059561457,0.040048342,0.04340735,0.0441805,0.06036592,doc_01530
0.32024994,0.2648064,0.039107226,0.038264792,0.03277318,0.0294234,0.02756467,0.03926425,0.03102053,0.03458137,0.027247943,0.025502754,0.025734583,0.024889557,0.03956931,doc_01531
0.08104111,0.04483165,0.05737049,0.16459425,0.06197891,0.045539442,0.046178214,0.04858329,0.08950346,0.055101827,0.101393074,0.046179384,0.050675165,0.047160886,0.05986889,doc_01532
0.33835128,0.050376326,0.028470725,0.035272617,0.04077126,0.04645794,0.0472903,0.0459962,0.04109992,0.07684467,0.042300627,0.020775884,0.06911849,0.066266365,0.050607324,doc_01533
0.08239855,0.076250054,0.05208522,0.049330372,0.107973516,0.05812394,0.044163074,0.042820126,0.068130925,0.044758152,0.091987535,0.046984866,0.03952714,0.1349061,0.060560446,doc_01534
0.122724965,0.15992497,0.027824264,0.030823326,0.03505901,0.12111973,0.09344341,0.032540035,0.0328863,0.03278426,0.03581356,0.042077787,0.14699568,0.03568505,0.05029765,doc_01535
0.03610765,0.025786063,0.031437255,0.16184442,0.028154647,0.025691297,0.025776979,0.028385835,0.44439048,0.02736931,0.03116373,0.02995762,0.040479504,0.025283584,0.038171608,doc_01536
0.09042234,0.034880124,0.037405748,0.03681402,0.2817619,0.04265184,0.040236212,0.16863263,0.03655167,0.036365367,0.036119804,0.035279673,0.03967281,0.034784656,0.048421215,doc_01537
0.18086278,0.030074177,0.029119628,0.038515527,0.22855355,0.02671881,0.024628006,0.029106937,0.031933203,0.02887567,0.02994461,0.038837496,0.045404486,0.19167331,0.045751844,doc_01538
0.06466566,0.060881373,0.060982242,0.064749554,0.062140204,0.068506055,0.0655129,0.061181534,0.06615808,0.084587775,0.061932944,0.059468172,0.05874622,0.093576066,0.06691121,doc_01539
0.11481207,0.057443887,0.27177182,0.09411879,0.07222341,0.037571862,0.03691705,0.037480757,0.03841436,0.041580066,0.033538815,0.037724223,0.039976902,0.034924325,0.051501688,doc_01540
